trial_id,sim_cordel_id,sim_topic_id,sim_rater_id,cordel_id,topic_id,rater_id,intrusion
0,0,0,0,4,7,124,1
0,0,1,0,0,37,124,0
0,0,2,0,5,46,124,1
0,0,6,0,4,29,124,1
0,0,7,0,0,29,124,1
0,0,11,0,5,20,124,1
0,0,13,0,4,24,124,1
0,0,14,0,2,32,124,1
0,0,15,0,5,39,124,1
0,0,22,0,5,46,124,0
0,0,23,0,4,23,124,1
0,0,26,0,5,33,124,0
0,0,30,0,5,46,124,0
0,0,33,0,0,8,124,1
0,0,38,0,1,32,124,1
0,0,41,0,2,5,124,1
0,0,42,0,1,26,124,1
0,0,46,0,5,35,124,1
0,0,47,0,2,14,124,1
0,0,49,0,2,35,124,1
0,1,53,0,1,34,124,1
0,1,56,0,5,26,124,1
0,1,58,0,5,38,124,1
0,1,59,0,4,30,124,1
0,1,60,0,4,46,124,1
0,1,64,0,4,44,124,1
0,1,65,0,3,11,124,1
0,1,68,0,5,42,124,1
0,1,78,0,5,12,124,1
0,1,79,0,0,11,124,1
0,1,80,0,1,43,124,1
0,1,81,0,3,10,124,0
0,1,84,0,4,31,124,1
0,1,90,0,5,30,124,1
0,1,92,0,5,8,124,1
0,1,97,0,4,4,124,1
0,1,98,0,2,39,124,1
0,1,99,0,2,17,124,1
0,0,1,1,0,37,45,1
0,0,4,1,5,41,45,0
0,0,5,1,2,21,45,1
0,0,7,1,0,29,45,1
0,0,8,1,0,31,45,0
0,0,11,1,5,20,45,1
0,0,12,1,2,17,45,1
0,0,13,1,4,24,45,1
0,0,16,1,2,25,45,1
0,0,17,1,3,10,45,0
0,0,23,1,4,23,45,1
0,0,24,1,5,10,45,1
0,0,28,1,1,22,45,1
0,0,31,1,2,1,45,1
0,0,32,1,2,44,45,0
0,0,38,1,1,32,45,1
0,0,39,1,1,39,45,1
0,0,40,1,1,17,45,1
0,0,44,1,2,42,45,1
0,0,46,1,5,35,45,0
0,1,57,1,1,2,45,1
0,1,59,1,4,30,45,1
0,1,63,1,2,17,45,1
0,1,64,1,4,44,45,0
0,1,75,1,4,34,45,1
0,1,76,1,1,18,45,1
0,1,80,1,1,43,45,1
0,1,85,1,4,10,45,0
0,1,86,1,3,15,45,0
0,1,87,1,2,18,45,1
0,1,88,1,2,20,45,1
0,1,89,1,4,26,45,1
0,1,91,1,1,10,45,1
0,1,94,1,3,31,45,1
0,1,95,1,3,10,45,0
0,1,96,1,5,39,45,1
0,1,97,1,4,4,45,0
0,1,99,1,2,17,45,1
0,0,5,2,2,21,22,1
0,0,8,2,0,31,22,1
0,0,9,2,0,10,22,1
0,0,12,2,2,17,22,1
0,0,15,2,5,39,22,1
0,0,16,2,2,25,22,1
0,0,18,2,1,42,22,0
0,0,19,2,0,34,22,1
0,0,20,2,0,11,22,1
0,0,21,2,3,26,22,0
0,0,22,2,5,46,22,1
0,0,25,2,3,17,22,1
0,0,28,2,1,22,22,1
0,0,30,2,5,46,22,1
0,0,31,2,2,1,22,0
0,0,34,2,1,43,22,0
0,0,37,2,5,6,22,1
0,0,39,2,1,39,22,0
0,0,41,2,2,5,22,0
0,0,49,2,2,35,22,1
0,1,55,2,3,25,22,1
0,1,57,2,1,2,22,1
0,1,59,2,4,30,22,1
0,1,61,2,2,18,22,1
0,1,63,2,2,17,22,1
0,1,69,2,1,46,22,1
0,1,74,2,5,30,22,1
0,1,77,2,0,46,22,0
0,1,79,2,0,11,22,0
0,1,80,2,1,43,22,1
0,1,81,2,3,10,22,1
0,1,83,2,1,29,22,1
0,1,86,2,3,15,22,1
0,1,94,2,3,31,22,1
0,1,95,2,3,10,22,0
0,1,96,2,5,39,22,1
0,1,97,2,4,4,22,1
0,1,98,2,2,39,22,1
0,0,2,3,5,46,202,0
0,0,4,3,5,41,202,0
0,0,5,3,2,21,202,1
0,0,9,3,0,10,202,1
0,0,13,3,4,24,202,1
0,0,14,3,2,32,202,1
0,0,15,3,5,39,202,1
0,0,16,3,2,25,202,1
0,0,18,3,1,42,202,0
0,0,20,3,0,11,202,1
0,0,22,3,5,46,202,1
0,0,23,3,4,23,202,1
0,0,25,3,3,17,202,1
0,0,31,3,2,1,202,1
0,0,32,3,2,44,202,0
0,0,34,3,1,43,202,1
0,0,35,3,2,23,202,1
0,0,38,3,1,32,202,1
0,0,39,3,1,39,202,1
0,0,43,3,4,11,202,0
0,1,50,3,5,17,202,1
0,1,54,3,4,12,202,1
0,1,56,3,5,26,202,0
0,1,64,3,4,44,202,1
0,1,69,3,1,46,202,1
0,1,72,3,1,25,202,1
0,1,73,3,3,29,202,1
0,1,74,3,5,30,202,0
0,1,75,3,4,34,202,1
0,1,77,3,0,46,202,0
0,1,78,3,5,12,202,1
0,1,84,3,4,31,202,1
0,1,87,3,2,18,202,1
0,1,91,3,1,10,202,0
0,1,93,3,0,23,202,1
0,1,94,3,3,31,202,1
0,1,95,3,3,10,202,0
0,1,99,3,2,17,202,0
0,0,2,4,5,46,255,1
0,0,3,4,1,41,255,1
0,0,5,4,2,21,255,1
0,0,9,4,0,10,255,1
0,0,10,4,2,38,255,0
0,0,11,4,5,20,255,1
0,0,17,4,3,10,255,1
0,0,20,4,0,11,255,0
0,0,21,4,3,26,255,0
0,0,27,4,5,15,255,0
0,0,28,4,1,22,255,1
0,0,33,4,0,8,255,1
0,0,34,4,1,43,255,0
0,0,38,4,1,32,255,1
0,0,40,4,1,17,255,1
0,0,42,4,1,26,255,1
0,0,44,4,2,42,255,1
0,0,45,4,4,23,255,1
0,0,46,4,5,35,255,1
0,0,48,4,3,19,255,1
0,0,49,4,2,35,255,0
0,1,53,4,1,34,255,1
0,1,54,4,4,12,255,1
0,1,55,4,3,25,255,1
0,1,68,4,5,42,255,0
0,1,73,4,3,29,255,1
0,1,77,4,0,46,255,1
0,1,78,4,5,12,255,1
0,1,79,4,0,11,255,0
0,1,80,4,1,43,255,1
0,1,84,4,4,31,255,1
0,1,87,4,2,18,255,1
0,1,88,4,2,20,255,1
0,1,91,4,1,10,255,1
0,1,93,4,0,23,255,1
0,1,95,4,3,10,255,1
0,1,96,4,5,39,255,1
0,1,98,4,2,39,255,1
0,0,4,5,5,41,26,1
0,0,6,5,4,29,26,0
0,0,7,5,0,29,26,0
0,0,8,5,0,31,26,1
0,0,9,5,0,10,26,1
0,0,10,5,2,38,26,0
0,0,11,5,5,20,26,1
0,0,12,5,2,17,26,1
0,0,15,5,5,39,26,1
0,0,18,5,1,42,26,0
0,0,19,5,0,34,26,1
0,0,24,5,5,10,26,1
0,0,25,5,3,17,26,1
0,0,28,5,1,22,26,1
0,0,31,5,2,1,26,1
0,0,32,5,2,44,26,0
0,0,33,5,0,8,26,0
0,0,35,5,2,23,26,1
0,0,37,5,5,6,26,1
0,0,39,5,1,39,26,0
0,0,40,5,1,17,26,1
0,0,45,5,4,23,26,0
0,0,46,5,5,35,26,1
0,0,48,5,3,19,26,1
0,0,49,5,2,35,26,1
0,1,51,5,5,20,26,1
0,1,52,5,5,9,26,1
0,1,54,5,4,12,26,1
0,1,55,5,3,25,26,1
0,1,59,5,4,30,26,0
0,1,70,5,5,2,26,0
0,1,74,5,5,30,26,1
0,1,79,5,0,11,26,1
0,1,84,5,4,31,26,1
0,1,89,5,4,26,26,0
0,1,96,5,5,39,26,1
0,1,97,5,4,4,26,0
0,1,98,5,2,39,26,0
0,0,1,6,0,37,140,0
0,0,4,6,5,41,140,1
0,0,5,6,2,21,140,1
0,0,10,6,2,38,140,0
0,0,12,6,2,17,140,1
0,0,13,6,4,24,140,1
0,0,18,6,1,42,140,0
0,0,20,6,0,11,140,0
0,0,21,6,3,26,140,1
0,0,24,6,5,10,140,1
0,0,25,6,3,17,140,1
0,0,29,6,4,30,140,1
0,0,30,6,5,46,140,1
0,0,34,6,1,43,140,1
0,0,37,6,5,6,140,1
0,0,39,6,1,39,140,1
0,0,41,6,2,5,140,0
0,0,43,6,4,11,140,1
0,0,46,6,5,35,140,1
0,0,47,6,2,14,140,1
0,0,48,6,3,19,140,1
0,1,52,6,5,9,140,1
0,1,56,6,5,26,140,1
0,1,57,6,1,2,140,1
0,1,60,6,4,46,140,1
0,1,64,6,4,44,140,1
0,1,66,6,3,9,140,1
0,1,67,6,1,5,140,1
0,1,70,6,5,2,140,1
0,1,71,6,3,48,140,1
0,1,74,6,5,30,140,0
0,1,78,6,5,12,140,1
0,1,81,6,3,10,140,1
0,1,84,6,4,31,140,1
0,1,85,6,4,10,140,0
0,1,89,6,4,26,140,1
0,1,91,6,1,10,140,0
0,1,97,6,4,4,140,1
0,0,1,7,0,37,166,1
0,0,11,7,5,20,166,0
0,0,12,7,2,17,166,0
0,0,16,7,2,25,166,1
0,0,19,7,0,34,166,1
0,0,20,7,0,11,166,0
0,0,22,7,5,46,166,0
0,0,24,7,5,10,166,0
0,0,26,7,5,33,166,0
0,0,27,7,5,15,166,0
0,0,32,7,2,44,166,0
0,0,33,7,0,8,166,1
0,0,34,7,1,43,166,1
0,0,35,7,2,23,166,0
0,0,37,7,5,6,166,0
0,0,38,7,1,32,166,1
0,0,45,7,4,23,166,1
0,0,47,7,2,14,166,1
0,0,48,7,3,19,166,0
0,1,51,7,5,20,166,1
0,1,54,7,4,12,166,0
0,1,57,7,1,2,166,1
0,1,58,7,5,38,166,1
0,1,61,7,2,18,166,1
0,1,62,7,4,20,166,0
0,1,64,7,4,44,166,1
0,1,65,7,3,11,166,1
0,1,66,7,3,9,166,1
0,1,67,7,1,5,166,1
0,1,70,7,5,2,166,1
0,1,71,7,3,48,166,0
0,1,79,7,0,11,166,0
0,1,89,7,4,26,166,0
0,1,90,7,5,30,166,0
0,1,91,7,1,10,166,0
0,1,93,7,0,23,166,1
0,1,96,7,5,39,166,1
0,1,97,7,4,4,166,1
0,0,0,8,4,7,6,0
0,0,2,8,5,46,6,0
0,0,13,8,4,24,6,0
0,0,15,8,5,39,6,1
0,0,17,8,3,10,6,0
0,0,18,8,1,42,6,0
0,0,21,8,3,26,6,1
0,0,23,8,4,23,6,1
0,0,24,8,5,10,6,0
0,0,27,8,5,15,6,1
0,0,29,8,4,30,6,0
0,0,32,8,2,44,6,0
0,0,34,8,1,43,6,0
0,0,35,8,2,23,6,0
0,0,39,8,1,39,6,1
0,0,41,8,2,5,6,0
0,0,42,8,1,26,6,1
0,0,47,8,2,14,6,0
0,1,50,8,5,17,6,1
0,1,54,8,4,12,6,1
0,1,56,8,5,26,6,1
0,1,57,8,1,2,6,1
0,1,61,8,2,18,6,1
0,1,63,8,2,17,6,1
0,1,64,8,4,44,6,1
0,1,65,8,3,11,6,1
0,1,70,8,5,2,6,1
0,1,71,8,3,48,6,0
0,1,77,8,0,46,6,0
0,1,80,8,1,43,6,0
0,1,81,8,3,10,6,0
0,1,83,8,1,29,6,1
0,1,86,8,3,15,6,1
0,1,90,8,5,30,6,1
0,1,93,8,0,23,6,1
0,1,95,8,3,10,6,1
0,1,96,8,5,39,6,0
0,1,98,8,2,39,6,1
0,0,2,9,5,46,216,0
0,0,3,9,1,41,216,1
0,0,7,9,0,29,216,1
0,0,9,9,0,10,216,1
0,0,10,9,2,38,216,1
0,0,11,9,5,20,216,0
0,0,12,9,2,17,216,1
0,0,18,9,1,42,216,0
0,0,20,9,0,11,216,0
0,0,23,9,4,23,216,1
0,0,25,9,3,17,216,0
0,0,30,9,5,46,216,0
0,0,31,9,2,1,216,0
0,0,32,9,2,44,216,1
0,0,36,9,5,49,216,1
0,0,39,9,1,39,216,0
0,0,42,9,1,26,216,1
0,0,43,9,4,11,216,1
0,0,47,9,2,14,216,0
0,0,49,9,2,35,216,0
0,1,52,9,5,9,216,0
0,1,53,9,1,34,216,1
0,1,54,9,4,12,216,1
0,1,55,9,3,25,216,1
0,1,59,9,4,30,216,0
0,1,60,9,4,46,216,1
0,1,64,9,4,44,216,0
0,1,68,9,5,42,216,1
0,1,71,9,3,48,216,0
0,1,74,9,5,30,216,0
0,1,75,9,4,34,216,1
0,1,78,9,5,12,216,1
0,1,79,9,0,11,216,1
0,1,80,9,1,43,216,0
0,1,83,9,1,29,216,0
0,1,86,9,3,15,216,1
0,1,88,9,2,20,216,1
0,1,89,9,4,26,216,0
0,0,7,10,0,29,51,1
0,0,9,10,0,10,51,1
0,0,10,10,2,38,51,1
0,0,13,10,4,24,51,1
0,0,17,10,3,10,51,0
0,0,18,10,1,42,51,1
0,0,26,10,5,33,51,0
0,0,28,10,1,22,51,1
0,0,29,10,4,30,51,1
0,0,33,10,0,8,51,1
0,0,35,10,2,23,51,1
0,0,38,10,1,32,51,1
0,0,43,10,4,11,51,1
0,0,44,10,2,42,51,1
0,0,45,10,4,23,51,1
0,0,46,10,5,35,51,1
0,1,50,10,5,17,51,0
0,1,52,10,5,9,51,1
0,1,54,10,4,12,51,1
0,1,56,10,5,26,51,1
0,1,59,10,4,30,51,1
0,1,61,10,2,18,51,1
0,1,63,10,2,17,51,1
0,1,66,10,3,9,51,0
0,1,70,10,5,2,51,0
0,1,71,10,3,48,51,0
0,1,72,10,1,25,51,0
0,1,74,10,5,30,51,1
0,1,75,10,4,34,51,1
0,1,76,10,1,18,51,1
0,1,78,10,5,12,51,1
0,1,79,10,0,11,51,1
0,1,83,10,1,29,51,0
0,1,86,10,3,15,51,1
0,1,93,10,0,23,51,1
0,1,95,10,3,10,51,1
0,1,97,10,4,4,51,1
0,1,98,10,2,39,51,1
0,0,3,11,1,41,212,1
0,0,4,11,5,41,212,1
0,0,5,11,2,21,212,1
0,0,10,11,2,38,212,1
0,0,11,11,5,20,212,1
0,0,19,11,0,34,212,1
0,0,23,11,4,23,212,1
0,0,24,11,5,10,212,1
0,0,27,11,5,15,212,1
0,0,28,11,1,22,212,1
0,0,29,11,4,30,212,1
0,0,31,11,2,1,212,1
0,0,35,11,2,23,212,0
0,0,38,11,1,32,212,1
0,0,39,11,1,39,212,1
0,0,40,11,1,17,212,1
0,0,46,11,5,35,212,1
0,0,48,11,3,19,212,1
0,1,50,11,5,17,212,1
0,1,54,11,4,12,212,1
0,1,56,11,5,26,212,0
0,1,57,11,1,2,212,1
0,1,59,11,4,30,212,1
0,1,60,11,4,46,212,1
0,1,61,11,2,18,212,1
0,1,64,11,4,44,212,1
0,1,67,11,1,5,212,1
0,1,69,11,1,46,212,1
0,1,71,11,3,48,212,0
0,1,79,11,0,11,212,0
0,1,80,11,1,43,212,0
0,1,83,11,1,29,212,1
0,1,86,11,3,15,212,1
0,1,89,11,4,26,212,1
0,1,94,11,3,31,212,1
0,1,96,11,5,39,212,1
0,1,97,11,4,4,212,0
0,1,98,11,2,39,212,1
0,0,5,12,2,21,188,1
0,0,10,12,2,38,188,0
0,0,13,12,4,24,188,1
0,0,15,12,5,39,188,0
0,0,17,12,3,10,188,1
0,0,20,12,0,11,188,1
0,0,21,12,3,26,188,1
0,0,26,12,5,33,188,0
0,0,27,12,5,15,188,0
0,0,28,12,1,22,188,1
0,0,29,12,4,30,188,1
0,0,30,12,5,46,188,0
0,0,31,12,2,1,188,1
0,0,32,12,2,44,188,0
0,0,33,12,0,8,188,1
0,0,34,12,1,43,188,1
0,0,38,12,1,32,188,0
0,0,40,12,1,17,188,1
0,0,47,12,2,14,188,1
0,1,54,12,4,12,188,1
0,1,58,12,5,38,188,1
0,1,59,12,4,30,188,0
0,1,61,12,2,18,188,1
0,1,64,12,4,44,188,1
0,1,65,12,3,11,188,1
0,1,68,12,5,42,188,1
0,1,75,12,4,34,188,1
0,1,76,12,1,18,188,0
0,1,79,12,0,11,188,0
0,1,80,12,1,43,188,1
0,1,82,12,0,31,188,1
0,1,83,12,1,29,188,1
0,1,87,12,2,18,188,1
0,1,89,12,4,26,188,1
0,1,92,12,5,8,188,1
0,1,93,12,0,23,188,1
0,1,98,12,2,39,188,1
0,1,99,12,2,17,188,1
0,0,4,13,5,41,15,0
0,0,6,13,4,29,15,1
0,0,7,13,0,29,15,1
0,0,12,13,2,17,15,1
0,0,19,13,0,34,15,1
0,0,20,13,0,11,15,0
0,0,21,13,3,26,15,1
0,0,23,13,4,23,15,1
0,0,26,13,5,33,15,1
0,0,27,13,5,15,15,1
0,0,30,13,5,46,15,1
0,0,31,13,2,1,15,0
0,0,32,13,2,44,15,0
0,0,33,13,0,8,15,1
0,0,36,13,5,49,15,1
0,0,39,13,1,39,15,1
0,0,42,13,1,26,15,1
0,0,46,13,5,35,15,1
0,0,48,13,3,19,15,1
0,0,49,13,2,35,15,1
0,1,50,13,5,17,15,1
0,1,51,13,5,20,15,0
0,1,53,13,1,34,15,1
0,1,55,13,3,25,15,1
0,1,59,13,4,30,15,1
0,1,62,13,4,20,15,1
0,1,65,13,3,11,15,1
0,1,71,13,3,48,15,0
0,1,76,13,1,18,15,0
0,1,77,13,0,46,15,1
0,1,79,13,0,11,15,1
0,1,80,13,1,43,15,0
0,1,82,13,0,31,15,1
0,1,86,13,3,15,15,1
0,1,87,13,2,18,15,1
0,1,92,13,5,8,15,0
0,1,95,13,3,10,15,1
0,1,99,13,2,17,15,1
0,0,1,14,0,37,241,1
0,0,3,14,1,41,241,1
0,0,6,14,4,29,241,0
0,0,8,14,0,31,241,1
0,0,12,14,2,17,241,1
0,0,14,14,2,32,241,1
0,0,17,14,3,10,241,0
0,0,18,14,1,42,241,0
0,0,29,14,4,30,241,1
0,0,32,14,2,44,241,1
0,0,33,14,0,8,241,0
0,0,35,14,2,23,241,1
0,0,36,14,5,49,241,0
0,0,41,14,2,5,241,1
0,0,42,14,1,26,241,1
0,0,48,14,3,19,241,0
0,0,49,14,2,35,241,1
0,1,51,14,5,20,241,1
0,1,57,14,1,2,241,1
0,1,60,14,4,46,241,1
0,1,62,14,4,20,241,1
0,1,63,14,2,17,241,0
0,1,64,14,4,44,241,0
0,1,65,14,3,11,241,1
0,1,68,14,5,42,241,1
0,1,69,14,1,46,241,1
0,1,76,14,1,18,241,0
0,1,79,14,0,11,241,0
0,1,80,14,1,43,241,0
0,1,83,14,1,29,241,1
0,1,84,14,4,31,241,1
0,1,85,14,4,10,241,0
0,1,86,14,3,15,241,1
0,1,88,14,2,20,241,1
0,1,89,14,4,26,241,1
0,1,92,14,5,8,241,0
0,1,95,14,3,10,241,0
0,1,97,14,4,4,241,0
0,0,0,15,4,7,211,0
0,0,1,15,0,37,211,1
0,0,3,15,1,41,211,1
0,0,5,15,2,21,211,1
0,0,6,15,4,29,211,1
0,0,7,15,0,29,211,1
0,0,8,15,0,31,211,1
0,0,9,15,0,10,211,1
0,0,10,15,2,38,211,1
0,0,12,15,2,17,211,1
0,0,17,15,3,10,211,0
0,0,18,15,1,42,211,0
0,0,20,15,0,11,211,0
0,0,24,15,5,10,211,0
0,0,25,15,3,17,211,1
0,0,33,15,0,8,211,0
0,0,35,15,2,23,211,1
0,0,36,15,5,49,211,1
0,0,39,15,1,39,211,0
0,0,42,15,1,26,211,1
0,0,47,15,2,14,211,1
0,1,51,15,5,20,211,0
0,1,54,15,4,12,211,1
0,1,66,15,3,9,211,1
0,1,67,15,1,5,211,1
0,1,68,15,5,42,211,1
0,1,69,15,1,46,211,1
0,1,71,15,3,48,211,1
0,1,74,15,5,30,211,1
0,1,78,15,5,12,211,1
0,1,80,15,1,43,211,1
0,1,81,15,3,10,211,0
0,1,84,15,4,31,211,1
0,1,86,15,3,15,211,1
0,1,87,15,2,18,211,1
0,1,89,15,4,26,211,1
0,1,97,15,4,4,211,0
0,1,98,15,2,39,211,1
0,0,4,16,5,41,169,1
0,0,6,16,4,29,169,0
0,0,8,16,0,31,169,1
0,0,10,16,2,38,169,0
0,0,11,16,5,20,169,1
0,0,14,16,2,32,169,1
0,0,17,16,3,10,169,1
0,0,22,16,5,46,169,0
0,0,24,16,5,10,169,1
0,0,25,16,3,17,169,0
0,0,26,16,5,33,169,0
0,0,27,16,5,15,169,0
0,0,32,16,2,44,169,0
0,0,35,16,2,23,169,1
0,0,38,16,1,32,169,1
0,0,40,16,1,17,169,0
0,0,42,16,1,26,169,1
0,0,43,16,4,11,169,1
0,0,44,16,2,42,169,0
0,0,45,16,4,23,169,1
0,0,49,16,2,35,169,1
0,1,57,16,1,2,169,1
0,1,58,16,5,38,169,0
0,1,62,16,4,20,169,1
0,1,65,16,3,11,169,1
0,1,66,16,3,9,169,1
0,1,67,16,1,5,169,1
0,1,68,16,5,42,169,0
0,1,69,16,1,46,169,1
0,1,74,16,5,30,169,0
0,1,78,16,5,12,169,1
0,1,82,16,0,31,169,1
0,1,84,16,4,31,169,0
0,1,85,16,4,10,169,0
0,1,89,16,4,26,169,1
0,1,91,16,1,10,169,1
0,1,92,16,5,8,169,1
0,1,94,16,3,31,169,1
0,0,0,17,4,7,240,0
0,0,6,17,4,29,240,1
0,0,8,17,0,31,240,0
0,0,9,17,0,10,240,0
0,0,11,17,5,20,240,0
0,0,13,17,4,24,240,1
0,0,24,17,5,10,240,1
0,0,25,17,3,17,240,0
0,0,27,17,5,15,240,0
0,0,28,17,1,22,240,0
0,0,29,17,4,30,240,1
0,0,31,17,2,1,240,0
0,0,38,17,1,32,240,1
0,0,41,17,2,5,240,0
0,0,42,17,1,26,240,1
0,0,43,17,4,11,240,1
0,0,44,17,2,42,240,1
0,0,45,17,4,23,240,1
0,0,47,17,2,14,240,1
0,0,48,17,3,19,240,1
0,1,50,17,5,17,240,1
0,1,52,17,5,9,240,1
0,1,56,17,5,26,240,0
0,1,59,17,4,30,240,0
0,1,60,17,4,46,240,0
0,1,63,17,2,17,240,1
0,1,68,17,5,42,240,1
0,1,70,17,5,2,240,0
0,1,71,17,3,48,240,0
0,1,77,17,0,46,240,0
0,1,78,17,5,12,240,1
0,1,83,17,1,29,240,1
0,1,86,17,3,15,240,1
0,1,89,17,4,26,240,0
0,1,90,17,5,30,240,0
0,1,92,17,5,8,240,1
0,1,93,17,0,23,240,1
0,1,94,17,3,31,240,0
0,0,1,18,0,37,164,1
0,0,2,18,5,46,164,0
0,0,5,18,2,21,164,1
0,0,9,18,0,10,164,1
0,0,10,18,2,38,164,1
0,0,13,18,4,24,164,1
0,0,14,18,2,32,164,1
0,0,17,18,3,10,164,0
0,0,18,18,1,42,164,0
0,0,21,18,3,26,164,1
0,0,24,18,5,10,164,1
0,0,28,18,1,22,164,0
0,0,30,18,5,46,164,0
0,0,31,18,2,1,164,1
0,0,32,18,2,44,164,0
0,0,34,18,1,43,164,1
0,0,36,18,5,49,164,1
0,0,37,18,5,6,164,1
0,0,41,18,2,5,164,1
0,0,42,18,1,26,164,0
0,0,45,18,4,23,164,1
0,0,47,18,2,14,164,1
0,1,50,18,5,17,164,1
0,1,53,18,1,34,164,0
0,1,56,18,5,26,164,1
0,1,57,18,1,2,164,1
0,1,60,18,4,46,164,1
0,1,61,18,2,18,164,1
0,1,62,18,4,20,164,1
0,1,67,18,1,5,164,1
0,1,75,18,4,34,164,1
0,1,78,18,5,12,164,1
0,1,80,18,1,43,164,1
0,1,84,18,4,31,164,1
0,1,85,18,4,10,164,1
0,1,87,18,2,18,164,1
0,1,89,18,4,26,164,0
0,1,91,18,1,10,164,1
0,0,0,19,4,7,183,0
0,0,1,19,0,37,183,0
0,0,2,19,5,46,183,1
0,0,4,19,5,41,183,0
0,0,10,19,2,38,183,0
0,0,17,19,3,10,183,0
0,0,18,19,1,42,183,0
0,0,19,19,0,34,183,1
0,0,21,19,3,26,183,1
0,0,25,19,3,17,183,1
0,0,27,19,5,15,183,0
0,0,29,19,4,30,183,1
0,0,32,19,2,44,183,0
0,0,37,19,5,6,183,1
0,0,39,19,1,39,183,0
0,0,40,19,1,17,183,0
0,0,42,19,1,26,183,1
0,0,44,19,2,42,183,0
0,0,45,19,4,23,183,1
0,0,48,19,3,19,183,0
0,1,50,19,5,17,183,1
0,1,53,19,1,34,183,0
0,1,54,19,4,12,183,1
0,1,55,19,3,25,183,1
0,1,56,19,5,26,183,0
0,1,61,19,2,18,183,0
0,1,65,19,3,11,183,1
0,1,66,19,3,9,183,1
0,1,68,19,5,42,183,1
0,1,71,19,3,48,183,0
0,1,76,19,1,18,183,1
0,1,79,19,0,11,183,0
0,1,83,19,1,29,183,1
0,1,86,19,3,15,183,1
0,1,92,19,5,8,183,0
0,1,95,19,3,10,183,0
0,1,98,19,2,39,183,1
0,1,99,19,2,17,183,0
0,0,2,20,5,46,23,1
0,0,3,20,1,41,23,1
0,0,4,20,5,41,23,0
0,0,6,20,4,29,23,1
0,0,8,20,0,31,23,1
0,0,13,20,4,24,23,1
0,0,15,20,5,39,23,1
0,0,24,20,5,10,23,1
0,0,25,20,3,17,23,1
0,0,26,20,5,33,23,0
0,0,30,20,5,46,23,0
0,0,32,20,2,44,23,0
0,0,36,20,5,49,23,1
0,0,42,20,1,26,23,0
0,0,44,20,2,42,23,0
0,0,47,20,2,14,23,0
0,0,49,20,2,35,23,1
0,1,53,20,1,34,23,0
0,1,54,20,4,12,23,1
0,1,56,20,5,26,23,1
0,1,58,20,5,38,23,0
0,1,59,20,4,30,23,1
0,1,61,20,2,18,23,1
0,1,66,20,3,9,23,1
0,1,67,20,1,5,23,0
0,1,69,20,1,46,23,1
0,1,70,20,5,2,23,0
0,1,73,20,3,29,23,0
0,1,74,20,5,30,23,1
0,1,75,20,4,34,23,1
0,1,77,20,0,46,23,0
0,1,78,20,5,12,23,1
0,1,79,20,0,11,23,0
0,1,83,20,1,29,23,0
0,1,87,20,2,18,23,1
0,1,90,20,5,30,23,0
0,1,93,20,0,23,23,1
0,1,98,20,2,39,23,1
0,0,0,21,4,7,59,0
0,0,3,21,1,41,59,1
0,0,4,21,5,41,59,0
0,0,5,21,2,21,59,1
0,0,9,21,0,10,59,0
0,0,13,21,4,24,59,1
0,0,17,21,3,10,59,1
0,0,18,21,1,42,59,0
0,0,19,21,0,34,59,1
0,0,22,21,5,46,59,1
0,0,24,21,5,10,59,1
0,0,25,21,3,17,59,1
0,0,27,21,5,15,59,1
0,0,30,21,5,46,59,1
0,0,31,21,2,1,59,1
0,0,32,21,2,44,59,1
0,0,37,21,5,6,59,1
0,0,42,21,1,26,59,1
0,0,43,21,4,11,59,1
0,0,47,21,2,14,59,1
0,0,48,21,3,19,59,1
0,1,52,21,5,9,59,1
0,1,57,21,1,2,59,1
0,1,59,21,4,30,59,0
0,1,60,21,4,46,59,1
0,1,63,21,2,17,59,1
0,1,64,21,4,44,59,1
0,1,67,21,1,5,59,1
0,1,70,21,5,2,59,0
0,1,71,21,3,48,59,1
0,1,74,21,5,30,59,0
0,1,76,21,1,18,59,1
0,1,85,21,4,10,59,0
0,1,87,21,2,18,59,1
0,1,90,21,5,30,59,1
0,1,93,21,0,23,59,1
0,1,96,21,5,39,59,1
0,1,99,21,2,17,59,1
0,0,1,22,0,37,224,0
0,0,4,22,5,41,224,1
0,0,8,22,0,31,224,1
0,0,10,22,2,38,224,1
0,0,11,22,5,20,224,1
0,0,12,22,2,17,224,1
0,0,13,22,4,24,224,1
0,0,18,22,1,42,224,1
0,0,19,22,0,34,224,1
0,0,20,22,0,11,224,0
0,0,21,22,3,26,224,1
0,0,22,22,5,46,224,1
0,0,23,22,4,23,224,1
0,0,25,22,3,17,224,1
0,0,27,22,5,15,224,0
0,0,28,22,1,22,224,0
0,0,30,22,5,46,224,0
0,0,34,22,1,43,224,1
0,0,37,22,5,6,224,1
0,0,38,22,1,32,224,1
0,0,41,22,2,5,224,0
0,0,42,22,1,26,224,1
0,0,43,22,4,11,224,1
0,0,46,22,5,35,224,1
0,1,51,22,5,20,224,1
0,1,53,22,1,34,224,1
0,1,58,22,5,38,224,1
0,1,63,22,2,17,224,1
0,1,65,22,3,11,224,1
0,1,71,22,3,48,224,0
0,1,74,22,5,30,224,1
0,1,76,22,1,18,224,1
0,1,77,22,0,46,224,1
0,1,78,22,5,12,224,1
0,1,80,22,1,43,224,1
0,1,84,22,4,31,224,1
0,1,88,22,2,20,224,1
0,1,97,22,4,4,224,1
0,0,0,23,4,7,251,0
0,0,2,23,5,46,251,0
0,0,6,23,4,29,251,1
0,0,9,23,0,10,251,0
0,0,10,23,2,38,251,1
0,0,12,23,2,17,251,1
0,0,13,23,4,24,251,1
0,0,15,23,5,39,251,1
0,0,16,23,2,25,251,1
0,0,18,23,1,42,251,0
0,0,26,23,5,33,251,0
0,0,31,23,2,1,251,1
0,0,32,23,2,44,251,1
0,0,33,23,0,8,251,0
0,0,35,23,2,23,251,1
0,0,39,23,1,39,251,1
0,0,47,23,2,14,251,1
0,0,48,23,3,19,251,1
0,0,49,23,2,35,251,1
0,1,50,23,5,17,251,1
0,1,55,23,3,25,251,1
0,1,56,23,5,26,251,0
0,1,64,23,4,44,251,1
0,1,70,23,5,2,251,1
0,1,72,23,1,25,251,0
0,1,74,23,5,30,251,1
0,1,75,23,4,34,251,0
0,1,79,23,0,11,251,0
0,1,81,23,3,10,251,0
0,1,82,23,0,31,251,0
0,1,85,23,4,10,251,1
0,1,86,23,3,15,251,1
0,1,90,23,5,30,251,1
0,1,94,23,3,31,251,1
0,1,95,23,3,10,251,1
0,1,96,23,5,39,251,0
0,1,97,23,4,4,251,1
0,1,98,23,2,39,251,1
0,0,5,24,2,21,230,1
0,0,6,24,4,29,230,1
0,0,7,24,0,29,230,1
0,0,10,24,2,38,230,0
0,0,11,24,5,20,230,1
0,0,14,24,2,32,230,1
0,0,15,24,5,39,230,0
0,0,21,24,3,26,230,1
0,0,23,24,4,23,230,1
0,0,24,24,5,10,230,1
0,0,25,24,3,17,230,1
0,0,29,24,4,30,230,1
0,0,30,24,5,46,230,1
0,0,31,24,2,1,230,1
0,0,32,24,2,44,230,0
0,0,35,24,2,23,230,0
0,0,36,24,5,49,230,1
0,0,46,24,5,35,230,1
0,0,47,24,2,14,230,1
0,1,51,24,5,20,230,1
0,1,53,24,1,34,230,1
0,1,54,24,4,12,230,1
0,1,60,24,4,46,230,1
0,1,61,24,2,18,230,1
0,1,67,24,1,5,230,1
0,1,68,24,5,42,230,0
0,1,69,24,1,46,230,1
0,1,73,24,3,29,230,1
0,1,74,24,5,30,230,1
0,1,75,24,4,34,230,0
0,1,76,24,1,18,230,0
0,1,81,24,3,10,230,0
0,1,82,24,0,31,230,1
0,1,90,24,5,30,230,0
0,1,91,24,1,10,230,1
0,1,93,24,0,23,230,1
0,1,96,24,5,39,230,1
0,1,99,24,2,17,230,0
0,0,2,25,5,46,42,0
0,0,4,25,5,41,42,0
0,0,13,25,4,24,42,1
0,0,18,25,1,42,42,0
0,0,19,25,0,34,42,1
0,0,20,25,0,11,42,1
0,0,21,25,3,26,42,1
0,0,22,25,5,46,42,1
0,0,23,25,4,23,42,1
0,0,24,25,5,10,42,0
0,0,33,25,0,8,42,0
0,0,38,25,1,32,42,1
0,0,39,25,1,39,42,1
0,0,41,25,2,5,42,0
0,0,42,25,1,26,42,1
0,0,44,25,2,42,42,0
0,0,46,25,5,35,42,1
0,1,51,25,5,20,42,1
0,1,53,25,1,34,42,0
0,1,59,25,4,30,42,1
0,1,61,25,2,18,42,0
0,1,62,25,4,20,42,1
0,1,68,25,5,42,42,1
0,1,69,25,1,46,42,1
0,1,71,25,3,48,42,0
0,1,72,25,1,25,42,0
0,1,73,25,3,29,42,1
0,1,74,25,5,30,42,0
0,1,76,25,1,18,42,1
0,1,78,25,5,12,42,1
0,1,81,25,3,10,42,0
0,1,82,25,0,31,42,1
0,1,83,25,1,29,42,1
0,1,86,25,3,15,42,1
0,1,88,25,2,20,42,1
0,1,94,25,3,31,42,1
0,1,98,25,2,39,42,1
0,1,99,25,2,17,42,1
0,0,0,26,4,7,265,1
0,0,1,26,0,37,265,1
0,0,3,26,1,41,265,1
0,0,4,26,5,41,265,0
0,0,6,26,4,29,265,1
0,0,9,26,0,10,265,1
0,0,10,26,2,38,265,1
0,0,11,26,5,20,265,1
0,0,14,26,2,32,265,1
0,0,15,26,5,39,265,1
0,0,17,26,3,10,265,0
0,0,19,26,0,34,265,1
0,0,20,26,0,11,265,0
0,0,21,26,3,26,265,1
0,0,26,26,5,33,265,0
0,0,29,26,4,30,265,1
0,0,34,26,1,43,265,1
0,0,36,26,5,49,265,1
0,0,38,26,1,32,265,1
0,0,41,26,2,5,265,0
0,1,50,26,5,17,265,1
0,1,54,26,4,12,265,1
0,1,55,26,3,25,265,0
0,1,64,26,4,44,265,0
0,1,66,26,3,9,265,1
0,1,67,26,1,5,265,1
0,1,69,26,1,46,265,1
0,1,74,26,5,30,265,0
0,1,77,26,0,46,265,0
0,1,81,26,3,10,265,0
0,1,82,26,0,31,265,1
0,1,84,26,4,31,265,1
0,1,86,26,3,15,265,1
0,1,90,26,5,30,265,0
0,1,91,26,1,10,265,0
0,1,94,26,3,31,265,1
0,1,96,26,5,39,265,1
0,1,98,26,2,39,265,1
0,0,0,27,4,7,219,0
0,0,3,27,1,41,219,1
0,0,6,27,4,29,219,1
0,0,11,27,5,20,219,0
0,0,12,27,2,17,219,0
0,0,13,27,4,24,219,1
0,0,14,27,2,32,219,1
0,0,18,27,1,42,219,0
0,0,23,27,4,23,219,1
0,0,25,27,3,17,219,1
0,0,29,27,4,30,219,0
0,0,30,27,5,46,219,0
0,0,32,27,2,44,219,0
0,0,34,27,1,43,219,0
0,0,36,27,5,49,219,1
0,0,38,27,1,32,219,1
0,0,40,27,1,17,219,0
0,0,45,27,4,23,219,1
0,0,46,27,5,35,219,0
0,0,48,27,3,19,219,1
0,1,53,27,1,34,219,1
0,1,56,27,5,26,219,0
0,1,60,27,4,46,219,1
0,1,61,27,2,18,219,1
0,1,62,27,4,20,219,0
0,1,63,27,2,17,219,1
0,1,64,27,4,44,219,1
0,1,65,27,3,11,219,1
0,1,69,27,1,46,219,1
0,1,70,27,5,2,219,1
0,1,75,27,4,34,219,1
0,1,76,27,1,18,219,0
0,1,79,27,0,11,219,0
0,1,81,27,3,10,219,0
0,1,84,27,4,31,219,1
0,1,86,27,3,15,219,1
0,1,93,27,0,23,219,1
0,1,95,27,3,10,219,0
0,0,2,28,5,46,249,1
0,0,10,28,2,38,249,1
0,0,13,28,4,24,249,1
0,0,15,28,5,39,249,1
0,0,16,28,2,25,249,1
0,0,20,28,0,11,249,1
0,0,25,28,3,17,249,1
0,0,26,28,5,33,249,0
0,0,27,28,5,15,249,1
0,0,28,28,1,22,249,1
0,0,31,28,2,1,249,1
0,0,32,28,2,44,249,1
0,0,33,28,0,8,249,0
0,0,39,28,1,39,249,0
0,0,40,28,1,17,249,1
0,0,41,28,2,5,249,1
0,0,42,28,1,26,249,1
0,0,43,28,4,11,249,1
0,0,46,28,5,35,249,1
0,0,49,28,2,35,249,1
0,1,50,28,5,17,249,1
0,1,51,28,5,20,249,1
0,1,60,28,4,46,249,1
0,1,69,28,1,46,249,1
0,1,72,28,1,25,249,0
0,1,74,28,5,30,249,0
0,1,78,28,5,12,249,1
0,1,79,28,0,11,249,1
0,1,80,28,1,43,249,1
0,1,83,28,1,29,249,0
0,1,84,28,4,31,249,0
0,1,86,28,3,15,249,1
0,1,88,28,2,20,249,1
0,1,89,28,4,26,249,1
0,1,94,28,3,31,249,1
0,1,95,28,3,10,249,0
0,1,96,28,5,39,249,1
0,1,98,28,2,39,249,1
0,0,8,29,0,31,268,1
0,0,11,29,5,20,268,1
0,0,12,29,2,17,268,1
0,0,14,29,2,32,268,1
0,0,15,29,5,39,268,0
0,0,18,29,1,42,268,0
0,0,26,29,5,33,268,1
0,0,28,29,1,22,268,1
0,0,30,29,5,46,268,1
0,0,31,29,2,1,268,0
0,0,36,29,5,49,268,1
0,0,38,29,1,32,268,1
0,0,40,29,1,17,268,1
0,0,43,29,4,11,268,1
0,0,47,29,2,14,268,1
0,0,48,29,3,19,268,1
0,1,51,29,5,20,268,1
0,1,54,29,4,12,268,1
0,1,57,29,1,2,268,1
0,1,60,29,4,46,268,1
0,1,63,29,2,17,268,1
0,1,65,29,3,11,268,1
0,1,66,29,3,9,268,1
0,1,68,29,5,42,268,1
0,1,69,29,1,46,268,1
0,1,70,29,5,2,268,1
0,1,73,29,3,29,268,1
0,1,74,29,5,30,268,1
0,1,75,29,4,34,268,0
0,1,76,29,1,18,268,0
0,1,81,29,3,10,268,0
0,1,82,29,0,31,268,1
0,1,83,29,1,29,268,1
0,1,85,29,4,10,268,1
0,1,89,29,4,26,268,0
0,1,94,29,3,31,268,0
0,1,96,29,5,39,268,0
0,1,99,29,2,17,268,1
0,0,1,30,0,37,135,1
0,0,4,30,5,41,135,0
0,0,7,30,0,29,135,1
0,0,8,30,0,31,135,1
0,0,11,30,5,20,135,1
0,0,12,30,2,17,135,1
0,0,13,30,4,24,135,1
0,0,16,30,2,25,135,1
0,0,17,30,3,10,135,0
0,0,18,30,1,42,135,0
0,0,19,30,0,34,135,1
0,0,20,30,0,11,135,1
0,0,21,30,3,26,135,1
0,0,22,30,5,46,135,1
0,0,24,30,5,10,135,1
0,0,28,30,1,22,135,1
0,0,29,30,4,30,135,1
0,0,31,30,2,1,135,1
0,0,38,30,1,32,135,1
0,1,50,30,5,17,135,1
0,1,51,30,5,20,135,0
0,1,53,30,1,34,135,0
0,1,55,30,3,25,135,1
0,1,56,30,5,26,135,1
0,1,59,30,4,30,135,0
0,1,62,30,4,20,135,1
0,1,64,30,4,44,135,0
0,1,66,30,3,9,135,1
0,1,69,30,1,46,135,1
0,1,74,30,5,30,135,1
0,1,76,30,1,18,135,1
0,1,77,30,0,46,135,1
0,1,85,30,4,10,135,1
0,1,86,30,3,15,135,1
0,1,88,30,2,20,135,1
0,1,89,30,4,26,135,1
0,1,94,30,3,31,135,1
0,1,99,30,2,17,135,0
0,0,1,31,0,37,34,0
0,0,6,31,4,29,34,0
0,0,12,31,2,17,34,1
0,0,15,31,5,39,34,1
0,0,16,31,2,25,34,1
0,0,18,31,1,42,34,0
0,0,24,31,5,10,34,1
0,0,30,31,5,46,34,0
0,0,32,31,2,44,34,0
0,0,34,31,1,43,34,0
0,0,37,31,5,6,34,1
0,0,39,31,1,39,34,1
0,0,42,31,1,26,34,1
0,0,45,31,4,23,34,1
0,0,46,31,5,35,34,0
0,0,47,31,2,14,34,0
0,1,52,31,5,9,34,1
0,1,55,31,3,25,34,1
0,1,56,31,5,26,34,1
0,1,58,31,5,38,34,0
0,1,59,31,4,30,34,1
0,1,63,31,2,17,34,1
0,1,66,31,3,9,34,1
0,1,69,31,1,46,34,1
0,1,70,31,5,2,34,1
0,1,72,31,1,25,34,1
0,1,74,31,5,30,34,0
0,1,75,31,4,34,34,0
0,1,82,31,0,31,34,1
0,1,84,31,4,31,34,1
0,1,87,31,2,18,34,1
0,1,89,31,4,26,34,1
0,1,90,31,5,30,34,1
0,1,94,31,3,31,34,0
0,1,95,31,3,10,34,0
0,1,97,31,4,4,34,0
0,1,98,31,2,39,34,1
0,1,99,31,2,17,34,0
0,0,1,32,0,37,134,0
0,0,3,32,1,41,134,1
0,0,4,32,5,41,134,1
0,0,5,32,2,21,134,1
0,0,12,32,2,17,134,1
0,0,13,32,4,24,134,1
0,0,17,32,3,10,134,1
0,0,21,32,3,26,134,0
0,0,24,32,5,10,134,1
0,0,25,32,3,17,134,0
0,0,30,32,5,46,134,0
0,0,31,32,2,1,134,1
0,0,33,32,0,8,134,0
0,0,34,32,1,43,134,1
0,0,35,32,2,23,134,1
0,0,45,32,4,23,134,1
0,0,47,32,2,14,134,1
0,1,50,32,5,17,134,1
0,1,53,32,1,34,134,1
0,1,55,32,3,25,134,1
0,1,59,32,4,30,134,1
0,1,61,32,2,18,134,1
0,1,62,32,4,20,134,1
0,1,64,32,4,44,134,0
0,1,65,32,3,11,134,1
0,1,68,32,5,42,134,1
0,1,69,32,1,46,134,1
0,1,73,32,3,29,134,1
0,1,74,32,5,30,134,0
0,1,78,32,5,12,134,1
0,1,79,32,0,11,134,1
0,1,80,32,1,43,134,1
0,1,83,32,1,29,134,0
0,1,85,32,4,10,134,1
0,1,86,32,3,15,134,1
0,1,88,32,2,20,134,1
0,1,91,32,1,10,134,0
0,1,95,32,3,10,134,1
0,0,0,33,4,7,61,1
0,0,2,33,5,46,61,0
0,0,3,33,1,41,61,1
0,0,7,33,0,29,61,1
0,0,10,33,2,38,61,1
0,0,11,33,5,20,61,1
0,0,14,33,2,32,61,1
0,0,17,33,3,10,61,1
0,0,18,33,1,42,61,0
0,0,19,33,0,34,61,1
0,0,20,33,0,11,61,1
0,0,22,33,5,46,61,0
0,0,27,33,5,15,61,1
0,0,34,33,1,43,61,1
0,0,35,33,2,23,61,0
0,0,37,33,5,6,61,1
0,0,38,33,1,32,61,1
0,0,43,33,4,11,61,1
0,0,44,33,2,42,61,1
0,0,45,33,4,23,61,1
0,1,52,33,5,9,61,1
0,1,59,33,4,30,61,1
0,1,63,33,2,17,61,0
0,1,66,33,3,9,61,1
0,1,67,33,1,5,61,1
0,1,69,33,1,46,61,1
0,1,70,33,5,2,61,1
0,1,74,33,5,30,61,1
0,1,76,33,1,18,61,1
0,1,78,33,5,12,61,1
0,1,79,33,0,11,61,1
0,1,84,33,4,31,61,0
0,1,88,33,2,20,61,1
0,1,90,33,5,30,61,0
0,1,91,33,1,10,61,1
0,1,93,33,0,23,61,1
0,1,97,33,4,4,61,1
0,1,98,33,2,39,61,1
0,0,0,34,4,7,227,0
0,0,1,34,0,37,227,1
0,0,3,34,1,41,227,1
0,0,15,34,5,39,227,1
0,0,16,34,2,25,227,1
0,0,19,34,0,34,227,1
0,0,20,34,0,11,227,1
0,0,21,34,3,26,227,0
0,0,23,34,4,23,227,1
0,0,24,34,5,10,227,0
0,0,26,34,5,33,227,1
0,0,28,34,1,22,227,1
0,0,29,34,4,30,227,1
0,0,30,34,5,46,227,0
0,0,32,34,2,44,227,1
0,0,36,34,5,49,227,1
0,0,39,34,1,39,227,1
0,0,41,34,2,5,227,0
0,0,47,34,2,14,227,1
0,0,48,34,3,19,227,1
0,1,52,34,5,9,227,1
0,1,58,34,5,38,227,1
0,1,64,34,4,44,227,1
0,1,65,34,3,11,227,1
0,1,67,34,1,5,227,1
0,1,68,34,5,42,227,1
0,1,69,34,1,46,227,1
0,1,76,34,1,18,227,1
0,1,77,34,0,46,227,0
0,1,78,34,5,12,227,1
0,1,79,34,0,11,227,1
0,1,82,34,0,31,227,1
0,1,84,34,4,31,227,0
0,1,85,34,4,10,227,0
0,1,86,34,3,15,227,1
0,1,90,34,5,30,227,1
0,1,91,34,1,10,227,1
0,1,94,34,3,31,227,1
0,0,1,35,0,37,87,1
0,0,8,35,0,31,87,0
0,0,9,35,0,10,87,1
0,0,10,35,2,38,87,1
0,0,13,35,4,24,87,1
0,0,16,35,2,25,87,0
0,0,20,35,0,11,87,1
0,0,21,35,3,26,87,0
0,0,24,35,5,10,87,1
0,0,25,35,3,17,87,0
0,0,29,35,4,30,87,0
0,0,31,35,2,1,87,0
0,0,33,35,0,8,87,0
0,0,34,35,1,43,87,1
0,0,39,35,1,39,87,0
0,0,41,35,2,5,87,1
0,0,46,35,5,35,87,1
0,1,53,35,1,34,87,1
0,1,54,35,4,12,87,1
0,1,56,35,5,26,87,1
0,1,59,35,4,30,87,1
0,1,61,35,2,18,87,1
0,1,64,35,4,44,87,0
0,1,65,35,3,11,87,1
0,1,66,35,3,9,87,1
0,1,67,35,1,5,87,1
0,1,68,35,5,42,87,1
0,1,76,35,1,18,87,0
0,1,79,35,0,11,87,0
0,1,82,35,0,31,87,1
0,1,83,35,1,29,87,0
0,1,84,35,4,31,87,0
0,1,85,35,4,10,87,0
0,1,91,35,1,10,87,0
0,1,92,35,5,8,87,1
0,1,93,35,0,23,87,1
0,1,94,35,3,31,87,1
0,1,97,35,4,4,87,0
0,0,1,36,0,37,271,0
0,0,2,36,5,46,271,0
0,0,3,36,1,41,271,1
0,0,4,36,5,41,271,1
0,0,8,36,0,31,271,1
0,0,12,36,2,17,271,1
0,0,13,36,4,24,271,1
0,0,19,36,0,34,271,0
0,0,21,36,3,26,271,0
0,0,24,36,5,10,271,1
0,0,25,36,3,17,271,1
0,0,26,36,5,33,271,0
0,0,27,36,5,15,271,1
0,0,32,36,2,44,271,1
0,0,35,36,2,23,271,1
0,0,42,36,1,26,271,0
0,0,43,36,4,11,271,1
0,0,48,36,3,19,271,1
0,1,52,36,5,9,271,1
0,1,53,36,1,34,271,1
0,1,54,36,4,12,271,1
0,1,58,36,5,38,271,0
0,1,63,36,2,17,271,1
0,1,66,36,3,9,271,1
0,1,68,36,5,42,271,1
0,1,71,36,3,48,271,1
0,1,75,36,4,34,271,1
0,1,76,36,1,18,271,0
0,1,77,36,0,46,271,0
0,1,80,36,1,43,271,1
0,1,83,36,1,29,271,1
0,1,86,36,3,15,271,1
0,1,89,36,4,26,271,1
0,1,91,36,1,10,271,0
0,1,92,36,5,8,271,0
0,1,94,36,3,31,271,1
0,1,95,36,3,10,271,0
0,1,96,36,5,39,271,0
0,0,0,37,4,7,117,0
0,0,3,37,1,41,117,1
0,0,6,37,4,29,117,1
0,0,8,37,0,31,117,1
0,0,11,37,5,20,117,1
0,0,14,37,2,32,117,1
0,0,15,37,5,39,117,1
0,0,16,37,2,25,117,1
0,0,19,37,0,34,117,1
0,0,23,37,4,23,117,1
0,0,24,37,5,10,117,1
0,0,28,37,1,22,117,1
0,0,29,37,4,30,117,0
0,0,33,37,0,8,117,0
0,0,34,37,1,43,117,0
0,0,36,37,5,49,117,1
0,0,38,37,1,32,117,1
0,0,42,37,1,26,117,1
0,0,48,37,3,19,117,0
0,1,50,37,5,17,117,1
0,1,53,37,1,34,117,1
0,1,56,37,5,26,117,0
0,1,60,37,4,46,117,1
0,1,61,37,2,18,117,0
0,1,62,37,4,20,117,1
0,1,65,37,3,11,117,1
0,1,66,37,3,9,117,1
0,1,68,37,5,42,117,1
0,1,69,37,1,46,117,1
0,1,70,37,5,2,117,1
0,1,72,37,1,25,117,0
0,1,76,37,1,18,117,1
0,1,81,37,3,10,117,1
0,1,89,37,4,26,117,1
0,1,91,37,1,10,117,0
0,1,94,37,3,31,117,1
0,1,98,37,2,39,117,1
0,1,99,37,2,17,117,1
0,0,4,38,5,41,68,1
0,0,7,38,0,29,68,1
0,0,8,38,0,31,68,0
0,0,9,38,0,10,68,1
0,0,10,38,2,38,68,0
0,0,11,38,5,20,68,1
0,0,13,38,4,24,68,1
0,0,15,38,5,39,68,1
0,0,16,38,2,25,68,1
0,0,18,38,1,42,68,0
0,0,19,38,0,34,68,1
0,0,23,38,4,23,68,1
0,0,25,38,3,17,68,1
0,0,29,38,4,30,68,1
0,0,38,38,1,32,68,1
0,0,43,38,4,11,68,1
0,0,45,38,4,23,68,1
0,0,46,38,5,35,68,1
0,0,47,38,2,14,68,0
0,1,50,38,5,17,68,1
0,1,55,38,3,25,68,1
0,1,56,38,5,26,68,1
0,1,60,38,4,46,68,1
0,1,61,38,2,18,68,1
0,1,64,38,4,44,68,0
0,1,66,38,3,9,68,1
0,1,69,38,1,46,68,1
0,1,72,38,1,25,68,0
0,1,74,38,5,30,68,0
0,1,78,38,5,12,68,1
0,1,79,38,0,11,68,1
0,1,80,38,1,43,68,1
0,1,81,38,3,10,68,1
0,1,89,38,4,26,68,1
0,1,90,38,5,30,68,0
0,1,91,38,1,10,68,0
0,1,96,38,5,39,68,1
0,1,97,38,4,4,68,1
0,0,2,39,5,46,15,1
0,0,3,39,1,41,15,0
0,0,4,39,5,41,15,1
0,0,5,39,2,21,15,1
0,0,8,39,0,31,15,1
0,0,12,39,2,17,15,1
0,0,14,39,2,32,15,0
0,0,17,39,3,10,15,0
0,0,23,39,4,23,15,1
0,0,25,39,3,17,15,1
0,0,26,39,5,33,15,1
0,0,27,39,5,15,15,0
0,0,29,39,4,30,15,1
0,0,35,39,2,23,15,1
0,0,36,39,5,49,15,1
0,0,38,39,1,32,15,1
0,0,39,39,1,39,15,1
0,0,40,39,1,17,15,1
0,0,44,39,2,42,15,0
0,0,46,39,5,35,15,1
0,0,47,39,2,14,15,1
0,1,53,39,1,34,15,1
0,1,57,39,1,2,15,1
0,1,59,39,4,30,15,0
0,1,61,39,2,18,15,1
0,1,67,39,1,5,15,1
0,1,71,39,3,48,15,1
0,1,72,39,1,25,15,1
0,1,74,39,5,30,15,1
0,1,75,39,4,34,15,1
0,1,78,39,5,12,15,1
0,1,79,39,0,11,15,1
0,1,80,39,1,43,15,1
0,1,81,39,3,10,15,0
0,1,83,39,1,29,15,1
0,1,87,39,2,18,15,1
0,1,89,39,4,26,15,1
0,1,96,39,5,39,15,1
0,0,0,40,4,7,314,0
0,0,2,40,5,46,314,0
0,0,3,40,1,41,314,1
0,0,4,40,5,41,314,1
0,0,9,40,0,10,314,1
0,0,12,40,2,17,314,1
0,0,13,40,4,24,314,1
0,0,15,40,5,39,314,0
0,0,16,40,2,25,314,1
0,0,17,40,3,10,314,0
0,0,19,40,0,34,314,1
0,0,30,40,5,46,314,0
0,0,31,40,2,1,314,1
0,0,36,40,5,49,314,1
0,0,40,40,1,17,314,0
0,0,44,40,2,42,314,1
0,0,46,40,5,35,314,1
0,1,50,40,5,17,314,0
0,1,54,40,4,12,314,1
0,1,55,40,3,25,314,1
0,1,56,40,5,26,314,1
0,1,61,40,2,18,314,1
0,1,62,40,4,20,314,1
0,1,63,40,2,17,314,0
0,1,64,40,4,44,314,1
0,1,66,40,3,9,314,1
0,1,67,40,1,5,314,1
0,1,69,40,1,46,314,1
0,1,71,40,3,48,314,1
0,1,72,40,1,25,314,1
0,1,73,40,3,29,314,1
0,1,78,40,5,12,314,1
0,1,79,40,0,11,314,1
0,1,81,40,3,10,314,1
0,1,83,40,1,29,314,1
0,1,91,40,1,10,314,1
0,1,98,40,2,39,314,1
0,1,99,40,2,17,314,1
0,0,0,41,4,7,88,0
0,0,3,41,1,41,88,1
0,0,4,41,5,41,88,1
0,0,12,41,2,17,88,1
0,0,18,41,1,42,88,0
0,0,20,41,0,11,88,1
0,0,28,41,1,22,88,1
0,0,29,41,4,30,88,1
0,0,32,41,2,44,88,0
0,0,34,41,1,43,88,0
0,0,36,41,5,49,88,1
0,0,41,41,2,5,88,0
0,0,42,41,1,26,88,1
0,0,46,41,5,35,88,1
0,0,47,41,2,14,88,1
0,1,56,41,5,26,88,0
0,1,57,41,1,2,88,0
0,1,59,41,4,30,88,0
0,1,60,41,4,46,88,1
0,1,61,41,2,18,88,1
0,1,69,41,1,46,88,1
0,1,70,41,5,2,88,1
0,1,71,41,3,48,88,0
0,1,72,41,1,25,88,1
0,1,73,41,3,29,88,0
0,1,74,41,5,30,88,1
0,1,75,41,4,34,88,1
0,1,77,41,0,46,88,1
0,1,80,41,1,43,88,0
0,1,81,41,3,10,88,1
0,1,82,41,0,31,88,1
0,1,83,41,1,29,88,1
0,1,85,41,4,10,88,0
0,1,90,41,5,30,88,1
0,1,92,41,5,8,88,0
0,1,93,41,0,23,88,1
0,1,95,41,3,10,88,0
0,1,96,41,5,39,88,1
0,0,0,42,4,7,68,1
0,0,1,42,0,37,68,0
0,0,2,42,5,46,68,0
0,0,4,42,5,41,68,0
0,0,6,42,4,29,68,1
0,0,7,42,0,29,68,1
0,0,8,42,0,31,68,1
0,0,14,42,2,32,68,1
0,0,17,42,3,10,68,1
0,0,19,42,0,34,68,1
0,0,21,42,3,26,68,1
0,0,25,42,3,17,68,1
0,0,26,42,5,33,68,0
0,0,31,42,2,1,68,1
0,0,32,42,2,44,68,0
0,0,33,42,0,8,68,1
0,0,46,42,5,35,68,1
0,1,50,42,5,17,68,1
0,1,51,42,5,20,68,1
0,1,55,42,3,25,68,1
0,1,57,42,1,2,68,0
0,1,61,42,2,18,68,1
0,1,65,42,3,11,68,1
0,1,67,42,1,5,68,1
0,1,69,42,1,46,68,1
0,1,71,42,3,48,68,0
0,1,74,42,5,30,68,0
0,1,76,42,1,18,68,0
0,1,78,42,5,12,68,1
0,1,81,42,3,10,68,0
0,1,83,42,1,29,68,1
0,1,84,42,4,31,68,1
0,1,85,42,4,10,68,1
0,1,86,42,3,15,68,1
0,1,87,42,2,18,68,1
0,1,91,42,1,10,68,1
0,1,98,42,2,39,68,1
0,1,99,42,2,17,68,1
0,0,2,43,5,46,200,0
0,0,7,43,0,29,200,1
0,0,8,43,0,31,200,1
0,0,15,43,5,39,200,1
0,0,17,43,3,10,200,0
0,0,18,43,1,42,200,0
0,0,21,43,3,26,200,1
0,0,23,43,4,23,200,1
0,0,27,43,5,15,200,1
0,0,28,43,1,22,200,1
0,0,32,43,2,44,200,0
0,0,33,43,0,8,200,1
0,0,35,43,2,23,200,1
0,0,36,43,5,49,200,1
0,0,38,43,1,32,200,1
0,0,40,43,1,17,200,0
0,0,43,43,4,11,200,1
0,0,44,43,2,42,200,0
0,0,45,43,4,23,200,1
0,0,47,43,2,14,200,1
0,1,54,43,4,12,200,1
0,1,55,43,3,25,200,0
0,1,56,43,5,26,200,1
0,1,62,43,4,20,200,1
0,1,67,43,1,5,200,1
0,1,68,43,5,42,200,1
0,1,70,43,5,2,200,1
0,1,71,43,3,48,200,0
0,1,84,43,4,31,200,1
0,1,86,43,3,15,200,1
0,1,87,43,2,18,200,0
0,1,90,43,5,30,200,0
0,1,91,43,1,10,200,1
0,1,93,43,0,23,200,1
0,1,96,43,5,39,200,1
0,1,97,43,4,4,200,0
0,1,98,43,2,39,200,1
0,1,99,43,2,17,200,1
0,0,1,44,0,37,57,0
0,0,4,44,5,41,57,0
0,0,5,44,2,21,57,1
0,0,9,44,0,10,57,1
0,0,10,44,2,38,57,1
0,0,11,44,5,20,57,0
0,0,12,44,2,17,57,0
0,0,14,44,2,32,57,1
0,0,15,44,5,39,57,1
0,0,16,44,2,25,57,1
0,0,19,44,0,34,57,1
0,0,24,44,5,10,57,0
0,0,25,44,3,17,57,1
0,0,27,44,5,15,57,1
0,0,29,44,4,30,57,0
0,0,30,44,5,46,57,0
0,0,31,44,2,1,57,0
0,0,35,44,2,23,57,0
0,0,38,44,1,32,57,1
0,0,40,44,1,17,57,0
0,0,42,44,1,26,57,0
0,0,48,44,3,19,57,0
0,0,49,44,2,35,57,0
0,1,51,44,5,20,57,0
0,1,52,44,5,9,57,1
0,1,56,44,5,26,57,0
0,1,58,44,5,38,57,0
0,1,61,44,2,18,57,1
0,1,64,44,4,44,57,0
0,1,65,44,3,11,57,1
0,1,66,44,3,9,57,1
0,1,67,44,1,5,57,0
0,1,69,44,1,46,57,1
0,1,76,44,1,18,57,0
0,1,83,44,1,29,57,0
0,1,92,44,5,8,57,0
0,1,94,44,3,31,57,1
0,1,98,44,2,39,57,1
0,0,0,45,4,7,303,1
0,0,5,45,2,21,303,1
0,0,6,45,4,29,303,1
0,0,7,45,0,29,303,1
0,0,10,45,2,38,303,0
0,0,11,45,5,20,303,1
0,0,13,45,4,24,303,1
0,0,14,45,2,32,303,1
0,0,19,45,0,34,303,1
0,0,24,45,5,10,303,0
0,0,29,45,4,30,303,1
0,0,31,45,2,1,303,1
0,0,32,45,2,44,303,0
0,0,33,45,0,8,303,1
0,0,39,45,1,39,303,0
0,0,41,45,2,5,303,0
0,0,44,45,2,42,303,1
0,0,47,45,2,14,303,1
0,0,48,45,3,19,303,1
0,1,52,45,5,9,303,1
0,1,55,45,3,25,303,1
0,1,57,45,1,2,303,0
0,1,60,45,4,46,303,1
0,1,61,45,2,18,303,1
0,1,64,45,4,44,303,0
0,1,68,45,5,42,303,1
0,1,70,45,5,2,303,1
0,1,71,45,3,48,303,0
0,1,74,45,5,30,303,0
0,1,76,45,1,18,303,1
0,1,78,45,5,12,303,1
0,1,80,45,1,43,303,1
0,1,81,45,3,10,303,1
0,1,84,45,4,31,303,1
0,1,85,45,4,10,303,0
0,1,90,45,5,30,303,0
0,1,91,45,1,10,303,0
0,1,99,45,2,17,303,1
0,0,2,46,5,46,231,0
0,0,7,46,0,29,231,0
0,0,9,46,0,10,231,1
0,0,10,46,2,38,231,0
0,0,15,46,5,39,231,1
0,0,16,46,2,25,231,1
0,0,24,46,5,10,231,1
0,0,28,46,1,22,231,1
0,0,29,46,4,30,231,1
0,0,30,46,5,46,231,1
0,0,32,46,2,44,231,0
0,0,35,46,2,23,231,1
0,0,45,46,4,23,231,1
0,0,46,46,5,35,231,1
0,0,47,46,2,14,231,1
0,0,48,46,3,19,231,1
0,1,55,46,3,25,231,1
0,1,56,46,5,26,231,0
0,1,58,46,5,38,231,0
0,1,59,46,4,30,231,0
0,1,65,46,3,11,231,1
0,1,68,46,5,42,231,1
0,1,71,46,3,48,231,1
0,1,74,46,5,30,231,1
0,1,75,46,4,34,231,1
0,1,76,46,1,18,231,1
0,1,77,46,0,46,231,0
0,1,78,46,5,12,231,1
0,1,79,46,0,11,231,1
0,1,80,46,1,43,231,1
0,1,83,46,1,29,231,1
0,1,85,46,4,10,231,1
0,1,88,46,2,20,231,1
0,1,92,46,5,8,231,0
0,1,94,46,3,31,231,1
0,1,96,46,5,39,231,0
0,1,97,46,4,4,231,0
0,1,98,46,2,39,231,1
0,0,0,47,4,7,106,0
0,0,4,47,5,41,106,1
0,0,7,47,0,29,106,1
0,0,10,47,2,38,106,1
0,0,11,47,5,20,106,1
0,0,14,47,2,32,106,0
0,0,16,47,2,25,106,1
0,0,17,47,3,10,106,0
0,0,24,47,5,10,106,1
0,0,25,47,3,17,106,1
0,0,29,47,4,30,106,1
0,0,30,47,5,46,106,0
0,0,32,47,2,44,106,0
0,0,35,47,2,23,106,1
0,0,40,47,1,17,106,1
0,0,43,47,4,11,106,1
0,0,44,47,2,42,106,1
0,0,45,47,4,23,106,1
0,0,48,47,3,19,106,0
0,1,54,47,4,12,106,1
0,1,57,47,1,2,106,0
0,1,58,47,5,38,106,0
0,1,65,47,3,11,106,1
0,1,66,47,3,9,106,1
0,1,68,47,5,42,106,1
0,1,70,47,5,2,106,1
0,1,72,47,1,25,106,1
0,1,75,47,4,34,106,0
0,1,79,47,0,11,106,0
0,1,82,47,0,31,106,1
0,1,86,47,3,15,106,1
0,1,87,47,2,18,106,1
0,1,88,47,2,20,106,1
0,1,90,47,5,30,106,1
0,1,94,47,3,31,106,0
0,1,95,47,3,10,106,0
0,1,98,47,2,39,106,1
0,1,99,47,2,17,106,1
0,0,0,48,4,7,285,0
0,0,3,48,1,41,285,1
0,0,7,48,0,29,285,1
0,0,12,48,2,17,285,1
0,0,14,48,2,32,285,1
0,0,19,48,0,34,285,0
0,0,20,48,0,11,285,0
0,0,21,48,3,26,285,1
0,0,25,48,3,17,285,1
0,0,26,48,5,33,285,0
0,0,27,48,5,15,285,0
0,0,29,48,4,30,285,0
0,0,30,48,5,46,285,0
0,0,39,48,1,39,285,1
0,0,40,48,1,17,285,0
0,0,44,48,2,42,285,1
0,0,45,48,4,23,285,1
0,0,47,48,2,14,285,1
0,0,48,48,3,19,285,0
0,0,49,48,2,35,285,1
0,1,50,48,5,17,285,1
0,1,52,48,5,9,285,0
0,1,53,48,1,34,285,1
0,1,55,48,3,25,285,1
0,1,56,48,5,26,285,1
0,1,60,48,4,46,285,1
0,1,72,48,1,25,285,0
0,1,73,48,3,29,285,1
0,1,75,48,4,34,285,0
0,1,78,48,5,12,285,1
0,1,80,48,1,43,285,1
0,1,81,48,3,10,285,1
0,1,82,48,0,31,285,1
0,1,86,48,3,15,285,1
0,1,88,48,2,20,285,1
0,1,89,48,4,26,285,0
0,1,96,48,5,39,285,1
0,1,97,48,4,4,285,1
0,0,3,49,1,41,141,1
0,0,4,49,5,41,141,0
0,0,7,49,0,29,141,1
0,0,9,49,0,10,141,1
0,0,13,49,4,24,141,1
0,0,15,49,5,39,141,1
0,0,17,49,3,10,141,1
0,0,25,49,3,17,141,1
0,0,27,49,5,15,141,1
0,0,29,49,4,30,141,1
0,0,31,49,2,1,141,0
0,0,32,49,2,44,141,0
0,0,33,49,0,8,141,0
0,0,35,49,2,23,141,1
0,0,36,49,5,49,141,1
0,0,37,49,5,6,141,0
0,0,38,49,1,32,141,0
0,0,46,49,5,35,141,1
0,0,48,49,3,19,141,1
0,1,55,49,3,25,141,1
0,1,59,49,4,30,141,1
0,1,60,49,4,46,141,1
0,1,61,49,2,18,141,0
0,1,65,49,3,11,141,1
0,1,68,49,5,42,141,1
0,1,69,49,1,46,141,1
0,1,71,49,3,48,141,0
0,1,74,49,5,30,141,0
0,1,77,49,0,46,141,1
0,1,79,49,0,11,141,1
0,1,82,49,0,31,141,1
0,1,83,49,1,29,141,1
0,1,86,49,3,15,141,0
0,1,87,49,2,18,141,1
0,1,90,49,5,30,141,0
0,1,91,49,1,10,141,1
0,1,93,49,0,23,141,1
0,1,96,49,5,39,141,1
0,0,6,50,4,29,206,1
0,0,7,50,0,29,206,1
0,0,8,50,0,31,206,1
0,0,9,50,0,10,206,1
0,0,12,50,2,17,206,1
0,0,13,50,4,24,206,1
0,0,14,50,2,32,206,0
0,0,15,50,5,39,206,1
0,0,18,50,1,42,206,1
0,0,20,50,0,11,206,1
0,0,23,50,4,23,206,1
0,0,24,50,5,10,206,0
0,0,27,50,5,15,206,1
0,0,32,50,2,44,206,0
0,0,37,50,5,6,206,1
0,0,40,50,1,17,206,0
0,0,43,50,4,11,206,1
0,0,44,50,2,42,206,1
0,0,47,50,2,14,206,1
0,1,52,50,5,9,206,1
0,1,53,50,1,34,206,1
0,1,55,50,3,25,206,1
0,1,58,50,5,38,206,1
0,1,59,50,4,30,206,0
0,1,60,50,4,46,206,1
0,1,63,50,2,17,206,1
0,1,65,50,3,11,206,1
0,1,70,50,5,2,206,0
0,1,71,50,3,48,206,0
0,1,76,50,1,18,206,1
0,1,77,50,0,46,206,1
0,1,78,50,5,12,206,1
0,1,80,50,1,43,206,1
0,1,82,50,0,31,206,1
0,1,88,50,2,20,206,1
0,1,90,50,5,30,206,1
0,1,98,50,2,39,206,1
0,1,99,50,2,17,206,1
0,0,0,51,4,7,123,1
0,0,2,51,5,46,123,1
0,0,8,51,0,31,123,1
0,0,10,51,2,38,123,0
0,0,11,51,5,20,123,0
0,0,12,51,2,17,123,1
0,0,15,51,5,39,123,1
0,0,19,51,0,34,123,1
0,0,25,51,3,17,123,0
0,0,26,51,5,33,123,0
0,0,30,51,5,46,123,0
0,0,31,51,2,1,123,0
0,0,33,51,0,8,123,1
0,0,34,51,1,43,123,0
0,0,35,51,2,23,123,0
0,0,36,51,5,49,123,0
0,0,37,51,5,6,123,1
0,0,38,51,1,32,123,1
0,0,40,51,1,17,123,1
0,0,41,51,2,5,123,0
0,0,42,51,1,26,123,0
0,0,43,51,4,11,123,1
0,0,44,51,2,42,123,1
0,0,46,51,5,35,123,1
0,0,48,51,3,19,123,1
0,1,53,51,1,34,123,1
0,1,60,51,4,46,123,1
0,1,75,51,4,34,123,0
0,1,76,51,1,18,123,0
0,1,80,51,1,43,123,1
0,1,85,51,4,10,123,0
0,1,86,51,3,15,123,1
0,1,88,51,2,20,123,1
0,1,89,51,4,26,123,0
0,1,90,51,5,30,123,0
0,1,92,51,5,8,123,0
0,1,96,51,5,39,123,1
0,1,98,51,2,39,123,1
0,0,1,52,0,37,124,1
0,0,3,52,1,41,124,1
0,0,4,52,5,41,124,0
0,0,7,52,0,29,124,1
0,0,8,52,0,31,124,1
0,0,9,52,0,10,124,1
0,0,11,52,5,20,124,1
0,0,12,52,2,17,124,1
0,0,14,52,2,32,124,1
0,0,23,52,4,23,124,1
0,0,24,52,5,10,124,1
0,0,28,52,1,22,124,1
0,0,33,52,0,8,124,0
0,0,40,52,1,17,124,0
0,0,42,52,1,26,124,1
0,0,43,52,4,11,124,1
0,0,44,52,2,42,124,0
0,0,49,52,2,35,124,1
0,1,50,52,5,17,124,1
0,1,53,52,1,34,124,1
0,1,56,52,5,26,124,0
0,1,58,52,5,38,124,1
0,1,60,52,4,46,124,1
0,1,61,52,2,18,124,1
0,1,64,52,4,44,124,1
0,1,65,52,3,11,124,1
0,1,66,52,3,9,124,1
0,1,68,52,5,42,124,1
0,1,69,52,1,46,124,1
0,1,73,52,3,29,124,0
0,1,74,52,5,30,124,1
0,1,76,52,1,18,124,0
0,1,78,52,5,12,124,1
0,1,91,52,1,10,124,1
0,1,92,52,5,8,124,1
0,1,94,52,3,31,124,0
0,1,98,52,2,39,124,1
0,1,99,52,2,17,124,1
0,0,1,53,0,37,215,1
0,0,2,53,5,46,215,1
0,0,3,53,1,41,215,1
0,0,5,53,2,21,215,1
0,0,6,53,4,29,215,1
0,0,11,53,5,20,215,1
0,0,18,53,1,42,215,0
0,0,23,53,4,23,215,1
0,0,24,53,5,10,215,1
0,0,29,53,4,30,215,1
0,0,30,53,5,46,215,1
0,0,33,53,0,8,215,1
0,0,36,53,5,49,215,1
0,0,39,53,1,39,215,1
0,0,40,53,1,17,215,0
0,0,44,53,2,42,215,1
0,0,46,53,5,35,215,1
0,0,47,53,2,14,215,1
0,1,50,53,5,17,215,1
0,1,51,53,5,20,215,1
0,1,54,53,4,12,215,1
0,1,55,53,3,25,215,1
0,1,56,53,5,26,215,0
0,1,57,53,1,2,215,1
0,1,59,53,4,30,215,1
0,1,62,53,4,20,215,1
0,1,65,53,3,11,215,1
0,1,66,53,3,9,215,1
0,1,67,53,1,5,215,1
0,1,68,53,5,42,215,1
0,1,72,53,1,25,215,0
0,1,74,53,5,30,215,0
0,1,79,53,0,11,215,0
0,1,80,53,1,43,215,0
0,1,82,53,0,31,215,1
0,1,84,53,4,31,215,1
0,1,91,53,1,10,215,0
0,1,92,53,5,8,215,0
0,0,2,54,5,46,20,0
0,0,5,54,2,21,20,1
0,0,6,54,4,29,20,1
0,0,8,54,0,31,20,1
0,0,10,54,2,38,20,1
0,0,11,54,5,20,20,1
0,0,12,54,2,17,20,0
0,0,14,54,2,32,20,0
0,0,15,54,5,39,20,0
0,0,25,54,3,17,20,1
0,0,27,54,5,15,20,1
0,0,28,54,1,22,20,1
0,0,30,54,5,46,20,1
0,0,37,54,5,6,20,1
0,0,38,54,1,32,20,1
0,0,39,54,1,39,20,0
0,0,41,54,2,5,20,0
0,0,44,54,2,42,20,1
0,0,45,54,4,23,20,1
0,1,50,54,5,17,20,0
0,1,55,54,3,25,20,1
0,1,61,54,2,18,20,1
0,1,62,54,4,20,20,1
0,1,65,54,3,11,20,1
0,1,66,54,3,9,20,1
0,1,69,54,1,46,20,1
0,1,71,54,3,48,20,0
0,1,72,54,1,25,20,0
0,1,74,54,5,30,20,0
0,1,78,54,5,12,20,1
0,1,79,54,0,11,20,0
0,1,81,54,3,10,20,0
0,1,83,54,1,29,20,0
0,1,84,54,4,31,20,0
0,1,91,54,1,10,20,0
0,1,92,54,5,8,20,1
0,1,94,54,3,31,20,1
0,1,99,54,2,17,20,1
0,0,0,55,4,7,289,0
0,0,3,55,1,41,289,1
0,0,4,55,5,41,289,0
0,0,5,55,2,21,289,1
0,0,6,55,4,29,289,1
0,0,7,55,0,29,289,1
0,0,11,55,5,20,289,1
0,0,12,55,2,17,289,1
0,0,13,55,4,24,289,1
0,0,18,55,1,42,289,0
0,0,20,55,0,11,289,1
0,0,25,55,3,17,289,1
0,0,29,55,4,30,289,1
0,0,30,55,5,46,289,0
0,0,34,55,1,43,289,1
0,0,37,55,5,6,289,1
0,0,38,55,1,32,289,1
0,0,39,55,1,39,289,1
0,0,41,55,2,5,289,0
0,0,45,55,4,23,289,1
0,1,51,55,5,20,289,1
0,1,52,55,5,9,289,1
0,1,53,55,1,34,289,1
0,1,54,55,4,12,289,1
0,1,55,55,3,25,289,1
0,1,58,55,5,38,289,0
0,1,66,55,3,9,289,1
0,1,67,55,1,5,289,1
0,1,70,55,5,2,289,1
0,1,73,55,3,29,289,1
0,1,75,55,4,34,289,1
0,1,77,55,0,46,289,0
0,1,78,55,5,12,289,1
0,1,79,55,0,11,289,1
0,1,81,55,3,10,289,0
0,1,84,55,4,31,289,1
0,1,89,55,4,26,289,0
0,1,93,55,0,23,289,1
0,0,4,56,5,41,176,1
0,0,10,56,2,38,176,1
0,0,17,56,3,10,176,0
0,0,20,56,0,11,176,1
0,0,24,56,5,10,176,1
0,0,30,56,5,46,176,1
0,0,31,56,2,1,176,0
0,0,32,56,2,44,176,1
0,0,34,56,1,43,176,1
0,0,35,56,2,23,176,0
0,0,37,56,5,6,176,1
0,0,40,56,1,17,176,1
0,0,42,56,1,26,176,1
0,0,43,56,4,11,176,1
0,0,44,56,2,42,176,1
0,0,45,56,4,23,176,1
0,0,46,56,5,35,176,1
0,0,47,56,2,14,176,1
0,0,48,56,3,19,176,1
0,0,49,56,2,35,176,0
0,1,50,56,5,17,176,1
0,1,51,56,5,20,176,0
0,1,55,56,3,25,176,1
0,1,60,56,4,46,176,1
0,1,61,56,2,18,176,1
0,1,63,56,2,17,176,0
0,1,64,56,4,44,176,1
0,1,68,56,5,42,176,1
0,1,72,56,1,25,176,1
0,1,73,56,3,29,176,1
0,1,74,56,5,30,176,0
0,1,81,56,3,10,176,0
0,1,82,56,0,31,176,1
0,1,84,56,4,31,176,1
0,1,85,56,4,10,176,0
0,1,88,56,2,20,176,1
0,1,94,56,3,31,176,1
0,1,99,56,2,17,176,1
0,0,0,57,4,7,122,1
0,0,2,57,5,46,122,1
0,0,7,57,0,29,122,1
0,0,9,57,0,10,122,1
0,0,12,57,2,17,122,0
0,0,13,57,4,24,122,1
0,0,14,57,2,32,122,1
0,0,15,57,5,39,122,0
0,0,18,57,1,42,122,1
0,0,19,57,0,34,122,1
0,0,20,57,0,11,122,1
0,0,21,57,3,26,122,1
0,0,23,57,4,23,122,1
0,0,24,57,5,10,122,1
0,0,26,57,5,33,122,0
0,0,29,57,4,30,122,1
0,0,30,57,5,46,122,1
0,0,31,57,2,1,122,1
0,0,37,57,5,6,122,1
0,0,38,57,1,32,122,1
0,0,39,57,1,39,122,1
0,0,46,57,5,35,122,0
0,0,48,57,3,19,122,0
0,1,52,57,5,9,122,1
0,1,53,57,1,34,122,1
0,1,68,57,5,42,122,1
0,1,70,57,5,2,122,1
0,1,71,57,3,48,122,0
0,1,74,57,5,30,122,0
0,1,78,57,5,12,122,1
0,1,79,57,0,11,122,1
0,1,80,57,1,43,122,0
0,1,83,57,1,29,122,1
0,1,84,57,4,31,122,1
0,1,89,57,4,26,122,1
0,1,90,57,5,30,122,1
0,1,92,57,5,8,122,0
0,1,96,57,5,39,122,1
0,0,1,58,0,37,142,1
0,0,4,58,5,41,142,0
0,0,6,58,4,29,142,0
0,0,7,58,0,29,142,1
0,0,13,58,4,24,142,1
0,0,15,58,5,39,142,0
0,0,16,58,2,25,142,1
0,0,18,58,1,42,142,0
0,0,19,58,0,34,142,1
0,0,20,58,0,11,142,0
0,0,24,58,5,10,142,1
0,0,26,58,5,33,142,1
0,0,27,58,5,15,142,0
0,0,31,58,2,1,142,1
0,0,34,58,1,43,142,1
0,0,38,58,1,32,142,1
0,0,40,58,1,17,142,1
0,0,47,58,2,14,142,1
0,0,49,58,2,35,142,1
0,1,51,58,5,20,142,0
0,1,52,58,5,9,142,1
0,1,56,58,5,26,142,1
0,1,57,58,1,2,142,1
0,1,58,58,5,38,142,1
0,1,62,58,4,20,142,1
0,1,66,58,3,9,142,1
0,1,67,58,1,5,142,1
0,1,70,58,5,2,142,1
0,1,72,58,1,25,142,1
0,1,74,58,5,30,142,1
0,1,79,58,0,11,142,1
0,1,81,58,3,10,142,1
0,1,83,58,1,29,142,0
0,1,86,58,3,15,142,1
0,1,87,58,2,18,142,0
0,1,93,58,0,23,142,1
0,1,94,58,3,31,142,0
0,1,95,58,3,10,142,1
0,0,2,59,5,46,317,1
0,0,10,59,2,38,317,0
0,0,13,59,4,24,317,1
0,0,14,59,2,32,317,1
0,0,20,59,0,11,317,0
0,0,21,59,3,26,317,1
0,0,23,59,4,23,317,0
0,0,26,59,5,33,317,0
0,0,29,59,4,30,317,0
0,0,34,59,1,43,317,0
0,0,36,59,5,49,317,0
0,0,39,59,1,39,317,0
0,0,41,59,2,5,317,0
0,0,42,59,1,26,317,0
0,0,47,59,2,14,317,0
0,0,48,59,3,19,317,1
0,1,52,59,5,9,317,1
0,1,53,59,1,34,317,0
0,1,54,59,4,12,317,1
0,1,57,59,1,2,317,0
0,1,59,59,4,30,317,1
0,1,60,59,4,46,317,1
0,1,65,59,3,11,317,1
0,1,66,59,3,9,317,1
0,1,67,59,1,5,317,1
0,1,68,59,5,42,317,0
0,1,70,59,5,2,317,0
0,1,71,59,3,48,317,0
0,1,72,59,1,25,317,0
0,1,73,59,3,29,317,1
0,1,74,59,5,30,317,0
0,1,83,59,1,29,317,0
0,1,84,59,4,31,317,0
0,1,92,59,5,8,317,1
0,1,95,59,3,10,317,0
0,1,96,59,5,39,317,1
0,1,98,59,2,39,317,1
0,1,99,59,2,17,317,0
0,0,0,60,4,7,68,0
0,0,2,60,5,46,68,0
0,0,7,60,0,29,68,1
0,0,9,60,0,10,68,1
0,0,11,60,5,20,68,1
0,0,12,60,2,17,68,1
0,0,14,60,2,32,68,1
0,0,20,60,0,11,68,1
0,0,21,60,3,26,68,0
0,0,22,60,5,46,68,0
0,0,26,60,5,33,68,1
0,0,27,60,5,15,68,1
0,0,28,60,1,22,68,0
0,0,32,60,2,44,68,0
0,0,36,60,5,49,68,1
0,0,37,60,5,6,68,1
0,0,40,60,1,17,68,0
0,0,41,60,2,5,68,0
0,0,44,60,2,42,68,0
0,0,47,60,2,14,68,0
0,0,48,60,3,19,68,1
0,0,49,60,2,35,68,1
0,1,50,60,5,17,68,1
0,1,61,60,2,18,68,1
0,1,63,60,2,17,68,1
0,1,68,60,5,42,68,1
0,1,72,60,1,25,68,0
0,1,77,60,0,46,68,1
0,1,78,60,5,12,68,1
0,1,79,60,0,11,68,1
0,1,82,60,0,31,68,1
0,1,84,60,4,31,68,1
0,1,87,60,2,18,68,1
0,1,88,60,2,20,68,1
0,1,89,60,4,26,68,1
0,1,90,60,5,30,68,1
0,1,96,60,5,39,68,1
0,1,97,60,4,4,68,1
0,0,7,61,0,29,8,1
0,0,8,61,0,31,8,1
0,0,9,61,0,10,8,0
0,0,12,61,2,17,8,1
0,0,15,61,5,39,8,1
0,0,16,61,2,25,8,0
0,0,19,61,0,34,8,1
0,0,21,61,3,26,8,1
0,0,25,61,3,17,8,1
0,0,27,61,5,15,8,1
0,0,30,61,5,46,8,1
0,0,31,61,2,1,8,1
0,0,33,61,0,8,8,1
0,0,44,61,2,42,8,1
0,0,45,61,4,23,8,0
0,0,46,61,5,35,8,1
0,0,48,61,3,19,8,1
0,1,52,61,5,9,8,1
0,1,53,61,1,34,8,1
0,1,54,61,4,12,8,1
0,1,55,61,3,25,8,1
0,1,58,61,5,38,8,0
0,1,60,61,4,46,8,0
0,1,64,61,4,44,8,1
0,1,69,61,1,46,8,1
0,1,72,61,1,25,8,0
0,1,74,61,5,30,8,0
0,1,76,61,1,18,8,1
0,1,78,61,5,12,8,1
0,1,79,61,0,11,8,1
0,1,81,61,3,10,8,1
0,1,82,61,0,31,8,0
0,1,84,61,4,31,8,1
0,1,87,61,2,18,8,1
0,1,92,61,5,8,8,1
0,1,95,61,3,10,8,1
0,1,98,61,2,39,8,1
0,1,99,61,2,17,8,1
0,0,0,62,4,7,192,0
0,0,4,62,5,41,192,0
0,0,5,62,2,21,192,1
0,0,14,62,2,32,192,1
0,0,15,62,5,39,192,1
0,0,16,62,2,25,192,1
0,0,17,62,3,10,192,0
0,0,23,62,4,23,192,1
0,0,26,62,5,33,192,0
0,0,28,62,1,22,192,1
0,0,30,62,5,46,192,0
0,0,36,62,5,49,192,1
0,0,38,62,1,32,192,1
0,0,39,62,1,39,192,0
0,0,41,62,2,5,192,0
0,0,42,62,1,26,192,1
0,0,45,62,4,23,192,0
0,0,47,62,2,14,192,1
0,1,50,62,5,17,192,1
0,1,51,62,5,20,192,1
0,1,56,62,5,26,192,1
0,1,57,62,1,2,192,1
0,1,60,62,4,46,192,0
0,1,64,62,4,44,192,1
0,1,65,62,3,11,192,1
0,1,66,62,3,9,192,1
0,1,67,62,1,5,192,1
0,1,68,62,5,42,192,1
0,1,71,62,3,48,192,0
0,1,75,62,4,34,192,0
0,1,77,62,0,46,192,0
0,1,79,62,0,11,192,0
0,1,83,62,1,29,192,0
0,1,84,62,4,31,192,1
0,1,85,62,4,10,192,1
0,1,93,62,0,23,192,1
0,1,94,62,3,31,192,1
0,1,98,62,2,39,192,1
0,0,2,63,5,46,272,0
0,0,8,63,0,31,272,1
0,0,10,63,2,38,272,1
0,0,11,63,5,20,272,1
0,0,12,63,2,17,272,1
0,0,15,63,5,39,272,1
0,0,17,63,3,10,272,1
0,0,20,63,0,11,272,0
0,0,21,63,3,26,272,1
0,0,27,63,5,15,272,1
0,0,31,63,2,1,272,1
0,0,35,63,2,23,272,0
0,0,38,63,1,32,272,1
0,0,39,63,1,39,272,1
0,0,40,63,1,17,272,1
0,0,41,63,2,5,272,0
0,0,46,63,5,35,272,0
0,0,48,63,3,19,272,1
0,1,50,63,5,17,272,1
0,1,55,63,3,25,272,1
0,1,56,63,5,26,272,1
0,1,59,63,4,30,272,0
0,1,61,63,2,18,272,1
0,1,62,63,4,20,272,1
0,1,64,63,4,44,272,1
0,1,66,63,3,9,272,1
0,1,67,63,1,5,272,1
0,1,74,63,5,30,272,0
0,1,75,63,4,34,272,0
0,1,76,63,1,18,272,1
0,1,77,63,0,46,272,0
0,1,79,63,0,11,272,1
0,1,80,63,1,43,272,0
0,1,81,63,3,10,272,0
0,1,82,63,0,31,272,1
0,1,91,63,1,10,272,1
0,1,93,63,0,23,272,1
0,1,98,63,2,39,272,1
0,0,0,64,4,7,278,1
0,0,1,64,0,37,278,0
0,0,2,64,5,46,278,1
0,0,3,64,1,41,278,1
0,0,7,64,0,29,278,1
0,0,10,64,2,38,278,1
0,0,11,64,5,20,278,1
0,0,15,64,5,39,278,1
0,0,20,64,0,11,278,1
0,0,22,64,5,46,278,0
0,0,23,64,4,23,278,0
0,0,29,64,4,30,278,1
0,0,35,64,2,23,278,1
0,0,37,64,5,6,278,1
0,0,38,64,1,32,278,0
0,0,42,64,1,26,278,0
0,0,48,64,3,19,278,1
0,1,50,64,5,17,278,1
0,1,52,64,5,9,278,1
0,1,53,64,1,34,278,1
0,1,54,64,4,12,278,1
0,1,55,64,3,25,278,1
0,1,59,64,4,30,278,0
0,1,62,64,4,20,278,0
0,1,63,64,2,17,278,1
0,1,64,64,4,44,278,1
0,1,65,64,3,11,278,1
0,1,67,64,1,5,278,1
0,1,69,64,1,46,278,1
0,1,72,64,1,25,278,0
0,1,77,64,0,46,278,1
0,1,78,64,5,12,278,1
0,1,85,64,4,10,278,1
0,1,88,64,2,20,278,1
0,1,89,64,4,26,278,0
0,1,90,64,5,30,278,1
0,1,93,64,0,23,278,1
0,1,99,64,2,17,278,1
0,0,1,65,0,37,189,0
0,0,3,65,1,41,189,1
0,0,4,65,5,41,189,1
0,0,9,65,0,10,189,0
0,0,11,65,5,20,189,1
0,0,15,65,5,39,189,1
0,0,20,65,0,11,189,1
0,0,22,65,5,46,189,0
0,0,25,65,3,17,189,1
0,0,27,65,5,15,189,0
0,0,31,65,2,1,189,0
0,0,33,65,0,8,189,0
0,0,34,65,1,43,189,1
0,0,35,65,2,23,189,1
0,0,37,65,5,6,189,0
0,0,39,65,1,39,189,0
0,0,41,65,2,5,189,1
0,0,44,65,2,42,189,0
0,0,46,65,5,35,189,0
0,1,53,65,1,34,189,0
0,1,58,65,5,38,189,0
0,1,59,65,4,30,189,0
0,1,61,65,2,18,189,1
0,1,62,65,4,20,189,0
0,1,63,65,2,17,189,1
0,1,65,65,3,11,189,0
0,1,69,65,1,46,189,1
0,1,70,65,5,2,189,0
0,1,74,65,5,30,189,0
0,1,75,65,4,34,189,1
0,1,77,65,0,46,189,0
0,1,79,65,0,11,189,0
0,1,80,65,1,43,189,1
0,1,82,65,0,31,189,0
0,1,86,65,3,15,189,1
0,1,88,65,2,20,189,1
0,1,91,65,1,10,189,0
0,1,92,65,5,8,189,0
0,0,2,66,5,46,61,1
0,0,7,66,0,29,61,0
0,0,9,66,0,10,61,1
0,0,10,66,2,38,61,0
0,0,13,66,4,24,61,1
0,0,15,66,5,39,61,0
0,0,20,66,0,11,61,1
0,0,27,66,5,15,61,0
0,0,32,66,2,44,61,0
0,0,33,66,0,8,61,0
0,0,36,66,5,49,61,1
0,0,38,66,1,32,61,1
0,0,42,66,1,26,61,0
0,0,46,66,5,35,61,1
0,0,47,66,2,14,61,1
0,0,48,66,3,19,61,1
0,0,49,66,2,35,61,0
0,1,50,66,5,17,61,1
0,1,52,66,5,9,61,1
0,1,54,66,4,12,61,1
0,1,55,66,3,25,61,1
0,1,56,66,5,26,61,0
0,1,59,66,4,30,61,0
0,1,60,66,4,46,61,0
0,1,61,66,2,18,61,0
0,1,62,66,4,20,61,0
0,1,65,66,3,11,61,1
0,1,71,66,3,48,61,0
0,1,76,66,1,18,61,1
0,1,77,66,0,46,61,0
0,1,78,66,5,12,61,1
0,1,79,66,0,11,61,0
0,1,84,66,4,31,61,1
0,1,87,66,2,18,61,0
0,1,90,66,5,30,61,1
0,1,91,66,1,10,61,1
0,1,92,66,5,8,61,1
0,1,93,66,0,23,61,1
0,0,0,67,4,7,228,0
0,0,2,67,5,46,228,1
0,0,3,67,1,41,228,1
0,0,7,67,0,29,228,1
0,0,8,67,0,31,228,1
0,0,12,67,2,17,228,1
0,0,21,67,3,26,228,1
0,0,24,67,5,10,228,1
0,0,26,67,5,33,228,1
0,0,30,67,5,46,228,0
0,0,31,67,2,1,228,1
0,0,33,67,0,8,228,1
0,0,36,67,5,49,228,1
0,0,38,67,1,32,228,1
0,0,39,67,1,39,228,1
0,0,45,67,4,23,228,1
0,0,47,67,2,14,228,0
0,0,48,67,3,19,228,1
0,0,49,67,2,35,228,1
0,1,53,67,1,34,228,0
0,1,54,67,4,12,228,1
0,1,56,67,5,26,228,1
0,1,58,67,5,38,228,0
0,1,59,67,4,30,228,0
0,1,60,67,4,46,228,1
0,1,65,67,3,11,228,1
0,1,75,67,4,34,228,1
0,1,82,67,0,31,228,0
0,1,84,67,4,31,228,0
0,1,86,67,3,15,228,1
0,1,87,67,2,18,228,1
0,1,88,67,2,20,228,0
0,1,89,67,4,26,228,1
0,1,90,67,5,30,228,0
0,1,91,67,1,10,228,1
0,1,97,67,4,4,228,0
0,1,98,67,2,39,228,1
0,1,99,67,2,17,228,1
0,0,0,68,4,7,98,0
0,0,1,68,0,37,98,1
0,0,5,68,2,21,98,1
0,0,7,68,0,29,98,1
0,0,9,68,0,10,98,0
0,0,10,68,2,38,98,1
0,0,11,68,5,20,98,1
0,0,12,68,2,17,98,1
0,0,15,68,5,39,98,1
0,0,16,68,2,25,98,1
0,0,18,68,1,42,98,0
0,0,21,68,3,26,98,0
0,0,22,68,5,46,98,0
0,0,24,68,5,10,98,1
0,0,25,68,3,17,98,1
0,0,27,68,5,15,98,1
0,0,30,68,5,46,98,0
0,0,31,68,2,1,98,1
0,0,32,68,2,44,98,0
0,0,34,68,1,43,98,0
0,0,37,68,5,6,98,1
0,0,41,68,2,5,98,0
0,0,44,68,2,42,98,1
0,0,45,68,4,23,98,1
0,0,46,68,5,35,98,1
0,0,49,68,2,35,98,1
0,1,52,68,5,9,98,1
0,1,53,68,1,34,98,1
0,1,67,68,1,5,98,1
0,1,68,68,5,42,98,1
0,1,70,68,5,2,98,1
0,1,77,68,0,46,98,0
0,1,78,68,5,12,98,1
0,1,80,68,1,43,98,0
0,1,81,68,3,10,98,1
0,1,88,68,2,20,98,1
0,1,92,68,5,8,98,1
0,1,94,68,3,31,98,1
0,0,0,69,4,7,270,0
0,0,3,69,1,41,270,1
0,0,6,69,4,29,270,0
0,0,11,69,5,20,270,0
0,0,17,69,3,10,270,1
0,0,24,69,5,10,270,1
0,0,26,69,5,33,270,0
0,0,28,69,1,22,270,1
0,0,29,69,4,30,270,1
0,0,30,69,5,46,270,1
0,0,32,69,2,44,270,0
0,0,39,69,1,39,270,0
0,0,43,69,4,11,270,1
0,0,46,69,5,35,270,1
0,0,49,69,2,35,270,1
0,1,51,69,5,20,270,1
0,1,54,69,4,12,270,1
0,1,55,69,3,25,270,1
0,1,56,69,5,26,270,0
0,1,59,69,4,30,270,1
0,1,63,69,2,17,270,0
0,1,64,69,4,44,270,1
0,1,70,69,5,2,270,1
0,1,73,69,3,29,270,1
0,1,76,69,1,18,270,0
0,1,77,69,0,46,270,0
0,1,78,69,5,12,270,1
0,1,79,69,0,11,270,0
0,1,80,69,1,43,270,1
0,1,85,69,4,10,270,0
0,1,86,69,3,15,270,1
0,1,90,69,5,30,270,0
0,1,91,69,1,10,270,0
0,1,92,69,5,8,270,1
0,1,94,69,3,31,270,1
0,1,96,69,5,39,270,0
0,1,97,69,4,4,270,1
0,1,98,69,2,39,270,1
0,0,1,70,0,37,28,0
0,0,3,70,1,41,28,1
0,0,5,70,2,21,28,1
0,0,7,70,0,29,28,1
0,0,10,70,2,38,28,1
0,0,16,70,2,25,28,1
0,0,18,70,1,42,28,1
0,0,21,70,3,26,28,1
0,0,26,70,5,33,28,0
0,0,27,70,5,15,28,0
0,0,32,70,2,44,28,1
0,0,33,70,0,8,28,1
0,0,36,70,5,49,28,1
0,0,39,70,1,39,28,0
0,0,40,70,1,17,28,0
0,0,47,70,2,14,28,1
0,1,52,70,5,9,28,1
0,1,55,70,3,25,28,1
0,1,58,70,5,38,28,0
0,1,60,70,4,46,28,1
0,1,61,70,2,18,28,1
0,1,63,70,2,17,28,1
0,1,65,70,3,11,28,1
0,1,70,70,5,2,28,1
0,1,72,70,1,25,28,0
0,1,74,70,5,30,28,0
0,1,75,70,4,34,28,1
0,1,76,70,1,18,28,0
0,1,82,70,0,31,28,1
0,1,83,70,1,29,28,1
0,1,87,70,2,18,28,0
0,1,89,70,4,26,28,1
0,1,90,70,5,30,28,0
0,1,92,70,5,8,28,1
0,1,93,70,0,23,28,1
0,1,95,70,3,10,28,0
0,1,98,70,2,39,28,1
0,1,99,70,2,17,28,1
0,0,0,71,4,7,4,1
0,0,1,71,0,37,4,1
0,0,2,71,5,46,4,0
0,0,5,71,2,21,4,1
0,0,6,71,4,29,4,1
0,0,7,71,0,29,4,1
0,0,8,71,0,31,4,1
0,0,9,71,0,10,4,1
0,0,19,71,0,34,4,1
0,0,21,71,3,26,4,1
0,0,26,71,5,33,4,1
0,0,27,71,5,15,4,1
0,0,28,71,1,22,4,1
0,0,30,71,5,46,4,0
0,0,34,71,1,43,4,1
0,0,35,71,2,23,4,1
0,0,36,71,5,49,4,1
0,0,41,71,2,5,4,0
0,0,42,71,1,26,4,1
0,0,46,71,5,35,4,1
0,0,47,71,2,14,4,1
0,1,57,71,1,2,4,1
0,1,58,71,5,38,4,0
0,1,59,71,4,30,4,1
0,1,60,71,4,46,4,1
0,1,61,71,2,18,4,1
0,1,64,71,4,44,4,1
0,1,66,71,3,9,4,1
0,1,68,71,5,42,4,1
0,1,69,71,1,46,4,1
0,1,72,71,1,25,4,0
0,1,81,71,3,10,4,1
0,1,82,71,0,31,4,1
0,1,87,71,2,18,4,1
0,1,89,71,4,26,4,1
0,1,91,71,1,10,4,1
0,1,92,71,5,8,4,1
0,1,95,71,3,10,4,1
0,0,1,72,0,37,76,0
0,0,3,72,1,41,76,1
0,0,4,72,5,41,76,0
0,0,6,72,4,29,76,1
0,0,10,72,2,38,76,1
0,0,13,72,4,24,76,1
0,0,16,72,2,25,76,1
0,0,17,72,3,10,76,0
0,0,19,72,0,34,76,1
0,0,21,72,3,26,76,0
0,0,27,72,5,15,76,1
0,0,28,72,1,22,76,1
0,0,32,72,2,44,76,0
0,0,33,72,0,8,76,1
0,0,40,72,1,17,76,0
0,0,41,72,2,5,76,1
0,0,44,72,2,42,76,0
0,0,46,72,5,35,76,1
0,0,48,72,3,19,76,1
0,1,54,72,4,12,76,1
0,1,55,72,3,25,76,1
0,1,58,72,5,38,76,1
0,1,64,72,4,44,76,0
0,1,68,72,5,42,76,1
0,1,69,72,1,46,76,1
0,1,72,72,1,25,76,0
0,1,76,72,1,18,76,0
0,1,77,72,0,46,76,1
0,1,80,72,1,43,76,1
0,1,84,72,4,31,76,1
0,1,86,72,3,15,76,1
0,1,87,72,2,18,76,1
0,1,90,72,5,30,76,1
0,1,91,72,1,10,76,1
0,1,92,72,5,8,76,0
0,1,93,72,0,23,76,1
0,1,95,72,3,10,76,1
0,1,99,72,2,17,76,1
0,0,0,73,4,7,287,1
0,0,2,73,5,46,287,1
0,0,6,73,4,29,287,1
0,0,12,73,2,17,287,1
0,0,16,73,2,25,287,1
0,0,20,73,0,11,287,1
0,0,27,73,5,15,287,0
0,0,29,73,4,30,287,1
0,0,30,73,5,46,287,0
0,0,33,73,0,8,287,1
0,0,34,73,1,43,287,0
0,0,38,73,1,32,287,1
0,0,40,73,1,17,287,1
0,0,46,73,5,35,287,1
0,1,50,73,5,17,287,1
0,1,51,73,5,20,287,0
0,1,53,73,1,34,287,0
0,1,54,73,4,12,287,1
0,1,57,73,1,2,287,0
0,1,58,73,5,38,287,1
0,1,65,73,3,11,287,1
0,1,66,73,3,9,287,1
0,1,69,73,1,46,287,1
0,1,70,73,5,2,287,1
0,1,71,73,3,48,287,1
0,1,74,73,5,30,287,1
0,1,75,73,4,34,287,1
0,1,78,73,5,12,287,1
0,1,84,73,4,31,287,0
0,1,87,73,2,18,287,1
0,1,88,73,2,20,287,1
0,1,91,73,1,10,287,1
0,1,92,73,5,8,287,1
0,1,93,73,0,23,287,1
0,1,95,73,3,10,287,0
0,1,96,73,5,39,287,1
0,1,98,73,2,39,287,1
0,1,99,73,2,17,287,1
0,0,1,74,0,37,55,0
0,0,3,74,1,41,55,1
0,0,4,74,5,41,55,0
0,0,8,74,0,31,55,0
0,0,9,74,0,10,55,1
0,0,10,74,2,38,55,0
0,0,12,74,2,17,55,0
0,0,14,74,2,32,55,1
0,0,19,74,0,34,55,1
0,0,24,74,5,10,55,1
0,0,25,74,3,17,55,0
0,0,27,74,5,15,55,1
0,0,30,74,5,46,55,0
0,0,32,74,2,44,55,0
0,0,33,74,0,8,55,0
0,0,37,74,5,6,55,1
0,0,38,74,1,32,55,1
0,0,39,74,1,39,55,0
0,0,40,74,1,17,55,0
0,1,50,74,5,17,55,0
0,1,52,74,5,9,55,1
0,1,53,74,1,34,55,0
0,1,55,74,3,25,55,1
0,1,57,74,1,2,55,0
0,1,58,74,5,38,55,1
0,1,59,74,4,30,55,1
0,1,60,74,4,46,55,1
0,1,61,74,2,18,55,1
0,1,63,74,2,17,55,1
0,1,67,74,1,5,55,1
0,1,68,74,5,42,55,1
0,1,69,74,1,46,55,1
0,1,70,74,5,2,55,1
0,1,75,74,4,34,55,1
0,1,78,74,5,12,55,1
0,1,89,74,4,26,55,1
0,1,91,74,1,10,55,0
0,1,96,74,5,39,55,1
0,0,1,75,0,37,9,0
0,0,3,75,1,41,9,1
0,0,4,75,5,41,9,0
0,0,6,75,4,29,9,0
0,0,7,75,0,29,9,1
0,0,8,75,0,31,9,1
0,0,13,75,4,24,9,1
0,0,17,75,3,10,9,0
0,0,21,75,3,26,9,1
0,0,24,75,5,10,9,1
0,0,28,75,1,22,9,1
0,0,29,75,4,30,9,1
0,0,31,75,2,1,9,1
0,0,40,75,1,17,9,0
0,0,41,75,2,5,9,1
0,0,43,75,4,11,9,1
0,0,47,75,2,14,9,0
0,0,49,75,2,35,9,1
0,1,53,75,1,34,9,1
0,1,54,75,4,12,9,1
0,1,55,75,3,25,9,1
0,1,56,75,5,26,9,0
0,1,58,75,5,38,9,0
0,1,60,75,4,46,9,1
0,1,61,75,2,18,9,1
0,1,67,75,1,5,9,1
0,1,69,75,1,46,9,1
0,1,74,75,5,30,9,1
0,1,76,75,1,18,9,0
0,1,77,75,0,46,9,1
0,1,78,75,5,12,9,1
0,1,79,75,0,11,9,1
0,1,82,75,0,31,9,1
0,1,84,75,4,31,9,1
0,1,91,75,1,10,9,1
0,1,92,75,5,8,9,1
0,1,96,75,5,39,9,1
0,1,99,75,2,17,9,1
0,0,1,76,0,37,199,0
0,0,7,76,0,29,199,1
0,0,9,76,0,10,199,1
0,0,16,76,2,25,199,1
0,0,17,76,3,10,199,0
0,0,18,76,1,42,199,0
0,0,19,76,0,34,199,1
0,0,20,76,0,11,199,1
0,0,22,76,5,46,199,0
0,0,25,76,3,17,199,1
0,0,30,76,5,46,199,0
0,0,34,76,1,43,199,0
0,0,35,76,2,23,199,0
0,0,38,76,1,32,199,1
0,0,39,76,1,39,199,1
0,0,40,76,1,17,199,1
0,0,41,76,2,5,199,0
0,0,42,76,1,26,199,1
0,0,44,76,2,42,199,1
0,0,46,76,5,35,199,1
0,1,53,76,1,34,199,1
0,1,56,76,5,26,199,0
0,1,57,76,1,2,199,1
0,1,65,76,3,11,199,1
0,1,66,76,3,9,199,1
0,1,68,76,5,42,199,1
0,1,71,76,3,48,199,0
0,1,72,76,1,25,199,0
0,1,77,76,0,46,199,1
0,1,78,76,5,12,199,1
0,1,79,76,0,11,199,1
0,1,85,76,4,10,199,0
0,1,86,76,3,15,199,1
0,1,90,76,5,30,199,0
0,1,92,76,5,8,199,0
0,1,94,76,3,31,199,0
0,1,96,76,5,39,199,1
0,1,97,76,4,4,199,1
0,0,0,77,4,7,200,0
0,0,4,77,5,41,200,0
0,0,5,77,2,21,200,1
0,0,6,77,4,29,200,0
0,0,9,77,0,10,200,1
0,0,11,77,5,20,200,0
0,0,14,77,2,32,200,1
0,0,15,77,5,39,200,0
0,0,18,77,1,42,200,0
0,0,19,77,0,34,200,1
0,0,20,77,0,11,200,1
0,0,22,77,5,46,200,0
0,0,23,77,4,23,200,1
0,0,27,77,5,15,200,1
0,0,28,77,1,22,200,1
0,0,33,77,0,8,200,0
0,0,36,77,5,49,200,0
0,0,38,77,1,32,200,1
0,0,43,77,4,11,200,1
0,0,45,77,4,23,200,1
0,1,52,77,5,9,200,1
0,1,53,77,1,34,200,1
0,1,56,77,5,26,200,0
0,1,58,77,5,38,200,0
0,1,59,77,4,30,200,1
0,1,60,77,4,46,200,1
0,1,65,77,3,11,200,1
0,1,66,77,3,9,200,1
0,1,69,77,1,46,200,1
0,1,73,77,3,29,200,1
0,1,74,77,5,30,200,0
0,1,76,77,1,18,200,0
0,1,77,77,0,46,200,0
0,1,84,77,4,31,200,0
0,1,86,77,3,15,200,1
0,1,87,77,2,18,200,1
0,1,92,77,5,8,200,1
0,1,95,77,3,10,200,0
0,0,0,78,4,7,238,1
0,0,2,78,5,46,238,1
0,0,3,78,1,41,238,1
0,0,4,78,5,41,238,0
0,0,10,78,2,38,238,1
0,0,15,78,5,39,238,1
0,0,16,78,2,25,238,1
0,0,17,78,3,10,238,1
0,0,18,78,1,42,238,0
0,0,19,78,0,34,238,1
0,0,22,78,5,46,238,0
0,0,25,78,3,17,238,1
0,0,27,78,5,15,238,1
0,0,28,78,1,22,238,0
0,0,29,78,4,30,238,1
0,0,33,78,0,8,238,1
0,0,34,78,1,43,238,0
0,0,36,78,5,49,238,1
0,0,39,78,1,39,238,0
0,0,40,78,1,17,238,1
0,0,45,78,4,23,238,1
0,0,46,78,5,35,238,1
0,1,50,78,5,17,238,1
0,1,51,78,5,20,238,1
0,1,52,78,5,9,238,1
0,1,56,78,5,26,238,1
0,1,63,78,2,17,238,1
0,1,64,78,4,44,238,0
0,1,65,78,3,11,238,1
0,1,68,78,5,42,238,0
0,1,79,78,0,11,238,1
0,1,84,78,4,31,238,1
0,1,85,78,4,10,238,1
0,1,87,78,2,18,238,1
0,1,90,78,5,30,238,1
0,1,91,78,1,10,238,0
0,1,97,78,4,4,238,1
0,1,98,78,2,39,238,1
0,0,0,79,4,7,290,0
0,0,3,79,1,41,290,1
0,0,4,79,5,41,290,1
0,0,10,79,2,38,290,0
0,0,11,79,5,20,290,1
0,0,16,79,2,25,290,1
0,0,19,79,0,34,290,1
0,0,21,79,3,26,290,1
0,0,23,79,4,23,290,1
0,0,25,79,3,17,290,1
0,0,29,79,4,30,290,1
0,0,30,79,5,46,290,0
0,0,36,79,5,49,290,1
0,0,41,79,2,5,290,1
0,0,42,79,1,26,290,1
0,0,43,79,4,11,290,1
0,0,44,79,2,42,290,0
0,0,45,79,4,23,290,0
0,0,47,79,2,14,290,1
0,0,49,79,2,35,290,0
0,1,54,79,4,12,290,1
0,1,57,79,1,2,290,1
0,1,65,79,3,11,290,1
0,1,68,79,5,42,290,1
0,1,73,79,3,29,290,1
0,1,76,79,1,18,290,0
0,1,78,79,5,12,290,1
0,1,79,79,0,11,290,1
0,1,80,79,1,43,290,1
0,1,84,79,4,31,290,1
0,1,87,79,2,18,290,1
0,1,90,79,5,30,290,0
0,1,91,79,1,10,290,0
0,1,94,79,3,31,290,1
0,1,95,79,3,10,290,0
0,1,96,79,5,39,290,1
0,1,97,79,4,4,290,1
0,1,99,79,2,17,290,1
