trial_id,sim_cordel_id,sim_topic_id,sim_rater_id,cordel_id,topic_id,rater_id,intrusion
0,0,1,0,0,20,137,0
0,0,4,0,4,40,137,1
0,0,5,0,1,26,137,0
0,0,13,0,2,41,137,1
0,0,18,0,1,28,137,0
0,0,22,0,1,23,137,1
0,0,23,0,3,42,137,0
0,0,24,0,5,48,137,1
0,0,31,0,0,15,137,1
0,0,35,0,3,6,137,1
0,0,39,0,0,0,137,1
0,0,40,0,2,2,137,1
0,0,41,0,1,16,137,1
0,0,42,0,3,24,137,1
0,0,46,0,2,39,137,1
0,0,48,0,5,27,137,1
0,1,52,0,2,12,137,1
0,1,56,0,4,36,137,1
0,1,61,0,5,35,137,1
0,1,63,0,4,34,137,1
0,1,65,0,2,3,137,0
0,1,68,0,1,10,137,0
0,1,70,0,2,5,137,1
0,1,71,0,1,25,137,1
0,1,72,0,0,38,137,1
0,1,75,0,4,44,137,1
0,1,77,0,2,12,137,1
0,1,79,0,2,48,137,1
0,1,80,0,2,38,137,1
0,1,81,0,5,29,137,1
0,1,85,0,1,4,137,1
0,1,86,0,1,14,137,1
0,1,91,0,2,38,137,1
0,1,92,0,1,10,137,0
0,1,94,0,2,43,137,1
0,1,95,0,2,30,137,0
0,1,97,0,1,39,137,0
0,1,98,0,0,25,137,1
0,0,3,1,3,23,309,0
0,0,7,1,4,7,309,1
0,0,10,1,1,11,309,1
0,0,12,1,2,10,309,1
0,0,14,1,0,4,309,1
0,0,15,1,0,18,309,1
0,0,27,1,2,2,309,0
0,0,28,1,3,34,309,0
0,0,29,1,0,30,309,0
0,0,31,1,0,15,309,1
0,0,32,1,1,4,309,0
0,0,34,1,4,35,309,0
0,0,45,1,0,15,309,1
0,0,46,1,2,39,309,1
0,0,48,1,5,27,309,1
0,1,50,1,5,1,309,1
0,1,51,1,4,40,309,1
0,1,52,1,2,12,309,1
0,1,58,1,3,30,309,1
0,1,59,1,1,41,309,1
0,1,65,1,2,3,309,1
0,1,69,1,4,20,309,1
0,1,71,1,1,25,309,1
0,1,73,1,2,21,309,1
0,1,75,1,4,44,309,1
0,1,76,1,0,35,309,1
0,1,78,1,0,37,309,0
0,1,81,1,5,29,309,1
0,1,82,1,3,13,309,1
0,1,87,1,1,37,309,1
0,1,88,1,2,19,309,0
0,1,89,1,0,49,309,1
0,1,91,1,2,38,309,0
0,1,92,1,1,10,309,0
0,1,96,1,5,35,309,1
0,1,97,1,1,39,309,1
0,1,98,1,0,25,309,1
0,1,99,1,4,2,309,0
0,0,4,2,4,40,191,1
0,0,8,2,1,16,191,1
0,0,11,2,0,5,191,0
0,0,13,2,2,41,191,1
0,0,16,2,2,17,191,1
0,0,26,2,4,12,191,1
0,0,27,2,2,2,191,1
0,0,33,2,0,33,191,0
0,0,38,2,4,40,191,1
0,0,40,2,2,2,191,0
0,0,42,2,3,24,191,1
0,0,43,2,1,45,191,1
0,0,45,2,0,15,191,1
0,0,47,2,2,9,191,0
0,0,48,2,5,27,191,1
0,0,49,2,2,0,191,1
0,1,51,2,4,40,191,1
0,1,52,2,2,12,191,0
0,1,54,2,3,16,191,1
0,1,55,2,2,24,191,1
0,1,58,2,3,30,191,1
0,1,63,2,4,34,191,1
0,1,64,2,5,26,191,0
0,1,67,2,5,10,191,1
0,1,69,2,4,20,191,1
0,1,70,2,2,5,191,0
0,1,71,2,1,25,191,0
0,1,75,2,4,44,191,0
0,1,76,2,0,35,191,1
0,1,77,2,2,12,191,1
0,1,84,2,5,44,191,1
0,1,85,2,1,4,191,1
0,1,88,2,2,19,191,0
0,1,89,2,0,49,191,1
0,1,92,2,1,10,191,1
0,1,94,2,2,43,191,1
0,1,95,2,2,30,191,1
0,1,96,2,5,35,191,0
0,0,1,3,0,20,153,1
0,0,8,3,1,16,153,1
0,0,9,3,1,6,153,1
0,0,13,3,2,41,153,1
0,0,16,3,2,17,153,1
0,0,18,3,1,28,153,1
0,0,28,3,3,34,153,1
0,0,29,3,0,30,153,0
0,0,30,3,5,0,153,1
0,0,35,3,3,6,153,1
0,0,38,3,4,40,153,1
0,0,40,3,2,2,153,1
0,0,41,3,1,16,153,0
0,0,43,3,1,45,153,1
0,0,44,3,2,48,153,1
0,0,45,3,0,15,153,1
0,0,46,3,2,39,153,1
0,1,52,3,2,12,153,1
0,1,53,3,3,0,153,1
0,1,55,3,2,24,153,1
0,1,59,3,1,41,153,1
0,1,60,3,3,18,153,1
0,1,63,3,4,34,153,1
0,1,65,3,2,3,153,1
0,1,68,3,1,10,153,1
0,1,69,3,4,20,153,1
0,1,70,3,2,5,153,0
0,1,72,3,0,38,153,0
0,1,73,3,2,21,153,1
0,1,78,3,0,37,153,1
0,1,79,3,2,48,153,0
0,1,82,3,3,13,153,0
0,1,83,3,2,35,153,1
0,1,84,3,5,44,153,1
0,1,85,3,1,4,153,0
0,1,86,3,1,14,153,1
0,1,87,3,1,37,153,1
0,1,97,3,1,39,153,0
0,0,0,4,2,18,23,1
0,0,5,4,1,26,23,1
0,0,6,4,5,14,23,0
0,0,8,4,1,16,23,1
0,0,9,4,1,6,23,0
0,0,11,4,0,5,23,0
0,0,12,4,2,10,23,0
0,0,16,4,2,17,23,1
0,0,17,4,2,42,23,1
0,0,18,4,1,28,23,1
0,0,22,4,1,23,23,1
0,0,25,4,3,22,23,1
0,0,26,4,4,12,23,1
0,0,29,4,0,30,23,0
0,0,30,4,5,0,23,0
0,0,34,4,4,35,23,0
0,0,41,4,1,16,23,1
0,0,43,4,1,45,23,1
0,0,44,4,2,48,23,1
0,0,45,4,0,15,23,1
0,0,47,4,2,9,23,0
0,1,55,4,2,24,23,1
0,1,56,4,4,36,23,0
0,1,63,4,4,34,23,0
0,1,64,4,5,26,23,1
0,1,65,4,2,3,23,1
0,1,72,4,0,38,23,1
0,1,73,4,2,21,23,1
0,1,74,4,5,35,23,1
0,1,75,4,4,44,23,1
0,1,79,4,2,48,23,1
0,1,82,4,3,13,23,0
0,1,85,4,1,4,23,0
0,1,91,4,2,38,23,0
0,1,92,4,1,10,23,0
0,1,95,4,2,30,23,1
0,1,97,4,1,39,23,1
0,1,99,4,4,2,23,0
0,0,2,5,4,4,248,0
0,0,3,5,3,23,248,0
0,0,7,5,4,7,248,0
0,0,17,5,2,42,248,0
0,0,21,5,1,45,248,1
0,0,24,5,5,48,248,1
0,0,25,5,3,22,248,0
0,0,27,5,2,2,248,1
0,0,28,5,3,34,248,1
0,0,29,5,0,30,248,1
0,0,33,5,0,33,248,1
0,0,40,5,2,2,248,1
0,0,44,5,2,48,248,1
0,0,46,5,2,39,248,1
0,0,47,5,2,9,248,0
0,0,48,5,5,27,248,1
0,0,49,5,2,0,248,0
0,1,52,5,2,12,248,1
0,1,54,5,3,16,248,1
0,1,55,5,2,24,248,1
0,1,56,5,4,36,248,1
0,1,57,5,4,27,248,1
0,1,58,5,3,30,248,1
0,1,62,5,1,10,248,0
0,1,65,5,2,3,248,1
0,1,66,5,5,38,248,1
0,1,67,5,5,10,248,1
0,1,69,5,4,20,248,1
0,1,70,5,2,5,248,1
0,1,74,5,5,35,248,1
0,1,76,5,0,35,248,1
0,1,80,5,2,38,248,1
0,1,81,5,5,29,248,1
0,1,82,5,3,13,248,1
0,1,83,5,2,35,248,1
0,1,84,5,5,44,248,1
0,1,88,5,2,19,248,0
0,1,92,5,1,10,248,1
0,0,1,6,0,20,206,0
0,0,2,6,4,4,206,1
0,0,4,6,4,40,206,1
0,0,7,6,4,7,206,0
0,0,13,6,2,41,206,0
0,0,15,6,0,18,206,0
0,0,16,6,2,17,206,1
0,0,19,6,5,47,206,1
0,0,20,6,5,47,206,1
0,0,22,6,1,23,206,1
0,0,23,6,3,42,206,1
0,0,27,6,2,2,206,1
0,0,28,6,3,34,206,1
0,0,29,6,0,30,206,0
0,0,31,6,0,15,206,1
0,0,33,6,0,33,206,0
0,0,40,6,2,2,206,1
0,0,42,6,3,24,206,1
0,0,43,6,1,45,206,1
0,0,47,6,2,9,206,0
0,0,48,6,5,27,206,1
0,1,52,6,2,12,206,1
0,1,53,6,3,0,206,1
0,1,57,6,4,27,206,1
0,1,58,6,3,30,206,1
0,1,60,6,3,18,206,0
0,1,66,6,5,38,206,1
0,1,71,6,1,25,206,1
0,1,75,6,4,44,206,1
0,1,79,6,2,48,206,1
0,1,81,6,5,29,206,1
0,1,82,6,3,13,206,0
0,1,83,6,2,35,206,0
0,1,85,6,1,4,206,1
0,1,87,6,1,37,206,1
0,1,94,6,2,43,206,1
0,1,97,6,1,39,206,1
0,1,99,6,4,2,206,1
0,0,0,7,2,18,133,1
0,0,3,7,3,23,133,1
0,0,4,7,4,40,133,1
0,0,7,7,4,7,133,1
0,0,8,7,1,16,133,0
0,0,12,7,2,10,133,1
0,0,15,7,0,18,133,0
0,0,17,7,2,42,133,1
0,0,18,7,1,28,133,0
0,0,22,7,1,23,133,1
0,0,26,7,4,12,133,1
0,0,27,7,2,2,133,0
0,0,28,7,3,34,133,1
0,0,30,7,5,0,133,1
0,0,32,7,1,4,133,0
0,0,33,7,0,33,133,1
0,0,34,7,4,35,133,0
0,0,35,7,3,6,133,1
0,0,37,7,4,9,133,1
0,0,38,7,4,40,133,1
0,0,39,7,0,0,133,1
0,0,40,7,2,2,133,1
0,0,44,7,2,48,133,1
0,0,48,7,5,27,133,1
0,0,49,7,2,0,133,1
0,1,51,7,4,40,133,1
0,1,53,7,3,0,133,1
0,1,54,7,3,16,133,1
0,1,55,7,2,24,133,1
0,1,68,7,1,10,133,1
0,1,70,7,2,5,133,1
0,1,73,7,2,21,133,1
0,1,75,7,4,44,133,1
0,1,77,7,2,12,133,1
0,1,79,7,2,48,133,1
0,1,88,7,2,19,133,0
0,1,94,7,2,43,133,1
0,1,97,7,1,39,133,1
0,0,0,8,2,18,292,1
0,0,4,8,4,40,292,1
0,0,7,8,4,7,292,0
0,0,9,8,1,6,292,1
0,0,14,8,0,4,292,1
0,0,18,8,1,28,292,0
0,0,20,8,5,47,292,1
0,0,21,8,1,45,292,0
0,0,24,8,5,48,292,1
0,0,26,8,4,12,292,1
0,0,28,8,3,34,292,1
0,0,32,8,1,4,292,1
0,0,34,8,4,35,292,0
0,0,36,8,5,12,292,1
0,0,37,8,4,9,292,1
0,0,38,8,4,40,292,1
0,0,40,8,2,2,292,1
0,0,42,8,3,24,292,1
0,0,44,8,2,48,292,0
0,0,46,8,2,39,292,1
0,1,51,8,4,40,292,1
0,1,52,8,2,12,292,1
0,1,53,8,3,0,292,0
0,1,54,8,3,16,292,1
0,1,61,8,5,35,292,1
0,1,63,8,4,34,292,1
0,1,67,8,5,10,292,1
0,1,68,8,1,10,292,0
0,1,70,8,2,5,292,0
0,1,71,8,1,25,292,1
0,1,73,8,2,21,292,1
0,1,78,8,0,37,292,1
0,1,80,8,2,38,292,1
0,1,82,8,3,13,292,1
0,1,83,8,2,35,292,1
0,1,84,8,5,44,292,1
0,1,89,8,0,49,292,1
0,1,98,8,0,25,292,1
0,0,1,9,0,20,287,1
0,0,3,9,3,23,287,1
0,0,5,9,1,26,287,1
0,0,7,9,4,7,287,1
0,0,11,9,0,5,287,0
0,0,13,9,2,41,287,1
0,0,14,9,0,4,287,1
0,0,16,9,2,17,287,1
0,0,20,9,5,47,287,1
0,0,25,9,3,22,287,1
0,0,28,9,3,34,287,0
0,0,29,9,0,30,287,1
0,0,30,9,5,0,287,1
0,0,33,9,0,33,287,1
0,0,34,9,4,35,287,1
0,0,35,9,3,6,287,1
0,0,36,9,5,12,287,1
0,0,38,9,4,40,287,1
0,0,42,9,3,24,287,0
0,0,48,9,5,27,287,1
0,1,51,9,4,40,287,1
0,1,54,9,3,16,287,1
0,1,55,9,2,24,287,1
0,1,56,9,4,36,287,1
0,1,57,9,4,27,287,1
0,1,60,9,3,18,287,1
0,1,62,9,1,10,287,1
0,1,66,9,5,38,287,1
0,1,75,9,4,44,287,1
0,1,78,9,0,37,287,0
0,1,84,9,5,44,287,1
0,1,85,9,1,4,287,1
0,1,87,9,1,37,287,1
0,1,91,9,2,38,287,1
0,1,93,9,3,9,287,1
0,1,94,9,2,43,287,1
0,1,96,9,5,35,287,1
0,1,99,9,4,2,287,1
0,0,3,10,3,23,115,1
0,0,5,10,1,26,115,1
0,0,7,10,4,7,115,1
0,0,8,10,1,16,115,1
0,0,9,10,1,6,115,1
0,0,10,10,1,11,115,1
0,0,11,10,0,5,115,1
0,0,12,10,2,10,115,1
0,0,18,10,1,28,115,1
0,0,21,10,1,45,115,1
0,0,22,10,1,23,115,1
0,0,23,10,3,42,115,1
0,0,26,10,4,12,115,1
0,0,28,10,3,34,115,1
0,0,35,10,3,6,115,1
0,0,37,10,4,9,115,1
0,0,41,10,1,16,115,1
0,0,43,10,1,45,115,1
0,0,46,10,2,39,115,1
0,0,49,10,2,0,115,1
0,1,51,10,4,40,115,1
0,1,54,10,3,16,115,1
0,1,57,10,4,27,115,1
0,1,63,10,4,34,115,1
0,1,64,10,5,26,115,0
0,1,66,10,5,38,115,1
0,1,69,10,4,20,115,1
0,1,71,10,1,25,115,0
0,1,75,10,4,44,115,0
0,1,81,10,5,29,115,1
0,1,82,10,3,13,115,1
0,1,83,10,2,35,115,1
0,1,84,10,5,44,115,1
0,1,85,10,1,4,115,1
0,1,87,10,1,37,115,1
0,1,91,10,2,38,115,1
0,1,95,10,2,30,115,1
0,1,97,10,1,39,115,1
0,0,3,11,3,23,172,0
0,0,5,11,1,26,172,1
0,0,10,11,1,11,172,1
0,0,11,11,0,5,172,0
0,0,21,11,1,45,172,0
0,0,24,11,5,48,172,1
0,0,25,11,3,22,172,1
0,0,26,11,4,12,172,1
0,0,30,11,5,0,172,0
0,0,31,11,0,15,172,1
0,0,32,11,1,4,172,1
0,0,34,11,4,35,172,1
0,0,35,11,3,6,172,0
0,0,45,11,0,15,172,1
0,0,48,11,5,27,172,1
0,0,49,11,2,0,172,1
0,1,51,11,4,40,172,1
0,1,53,11,3,0,172,1
0,1,54,11,3,16,172,1
0,1,55,11,2,24,172,1
0,1,62,11,1,10,172,1
0,1,63,11,4,34,172,1
0,1,65,11,2,3,172,1
0,1,66,11,5,38,172,0
0,1,69,11,4,20,172,1
0,1,71,11,1,25,172,0
0,1,73,11,2,21,172,1
0,1,76,11,0,35,172,1
0,1,78,11,0,37,172,1
0,1,79,11,2,48,172,1
0,1,81,11,5,29,172,1
0,1,84,11,5,44,172,1
0,1,86,11,1,14,172,1
0,1,88,11,2,19,172,0
0,1,91,11,2,38,172,1
0,1,92,11,1,10,172,1
0,1,93,11,3,9,172,1
0,1,99,11,4,2,172,0
0,0,0,12,2,18,142,0
0,0,3,12,3,23,142,1
0,0,6,12,5,14,142,0
0,0,13,12,2,41,142,1
0,0,18,12,1,28,142,0
0,0,23,12,3,42,142,0
0,0,26,12,4,12,142,1
0,0,27,12,2,2,142,0
0,0,29,12,0,30,142,1
0,0,30,12,5,0,142,1
0,0,32,12,1,4,142,1
0,0,33,12,0,33,142,1
0,0,35,12,3,6,142,1
0,0,36,12,5,12,142,1
0,0,38,12,4,40,142,0
0,0,42,12,3,24,142,0
0,0,44,12,2,48,142,1
0,0,47,12,2,9,142,0
0,0,48,12,5,27,142,1
0,1,50,12,5,1,142,1
0,1,54,12,3,16,142,1
0,1,56,12,4,36,142,0
0,1,57,12,4,27,142,0
0,1,60,12,3,18,142,0
0,1,62,12,1,10,142,0
0,1,65,12,2,3,142,1
0,1,68,12,1,10,142,0
0,1,69,12,4,20,142,1
0,1,70,12,2,5,142,0
0,1,71,12,1,25,142,0
0,1,77,12,2,12,142,0
0,1,78,12,0,37,142,1
0,1,87,12,1,37,142,1
0,1,89,12,0,49,142,1
0,1,91,12,2,38,142,0
0,1,93,12,3,9,142,1
0,1,97,12,1,39,142,0
0,1,98,12,0,25,142,1
0,0,0,13,2,18,180,1
0,0,1,13,0,20,180,1
0,0,4,13,4,40,180,1
0,0,6,13,5,14,180,0
0,0,9,13,1,6,180,1
0,0,12,13,2,10,180,1
0,0,13,13,2,41,180,1
0,0,14,13,0,4,180,1
0,0,17,13,2,42,180,0
0,0,25,13,3,22,180,1
0,0,26,13,4,12,180,1
0,0,27,13,2,2,180,1
0,0,29,13,0,30,180,0
0,0,30,13,5,0,180,0
0,0,32,13,1,4,180,1
0,0,34,13,4,35,180,0
0,0,36,13,5,12,180,0
0,0,39,13,0,0,180,1
0,0,40,13,2,2,180,1
0,0,44,13,2,48,180,1
0,0,49,13,2,0,180,1
0,1,54,13,3,16,180,1
0,1,56,13,4,36,180,1
0,1,65,13,2,3,180,1
0,1,67,13,5,10,180,0
0,1,71,13,1,25,180,0
0,1,81,13,5,29,180,1
0,1,82,13,3,13,180,0
0,1,83,13,2,35,180,1
0,1,85,13,1,4,180,1
0,1,86,13,1,14,180,1
0,1,87,13,1,37,180,1
0,1,89,13,0,49,180,1
0,1,90,13,3,8,180,1
0,1,91,13,2,38,180,1
0,1,95,13,2,30,180,1
0,1,96,13,5,35,180,1
0,1,97,13,1,39,180,0
0,0,1,14,0,20,274,0
0,0,5,14,1,26,274,1
0,0,6,14,5,14,274,1
0,0,7,14,4,7,274,1
0,0,8,14,1,16,274,0
0,0,9,14,1,6,274,1
0,0,15,14,0,18,274,0
0,0,18,14,1,28,274,1
0,0,26,14,4,12,274,1
0,0,27,14,2,2,274,1
0,0,30,14,5,0,274,1
0,0,32,14,1,4,274,0
0,0,33,14,0,33,274,0
0,0,35,14,3,6,274,1
0,0,36,14,5,12,274,1
0,0,39,14,0,0,274,0
0,0,41,14,1,16,274,1
0,0,44,14,2,48,274,1
0,0,49,14,2,0,274,1
0,1,51,14,4,40,274,1
0,1,54,14,3,16,274,1
0,1,57,14,4,27,274,0
0,1,58,14,3,30,274,1
0,1,63,14,4,34,274,1
0,1,64,14,5,26,274,0
0,1,66,14,5,38,274,0
0,1,68,14,1,10,274,0
0,1,69,14,4,20,274,1
0,1,70,14,2,5,274,1
0,1,71,14,1,25,274,0
0,1,79,14,2,48,274,0
0,1,81,14,5,29,274,1
0,1,83,14,2,35,274,1
0,1,84,14,5,44,274,1
0,1,93,14,3,9,274,1
0,1,96,14,5,35,274,0
0,1,98,14,0,25,274,1
0,1,99,14,4,2,274,1
0,0,3,15,3,23,220,1
0,0,4,15,4,40,220,1
0,0,6,15,5,14,220,0
0,0,8,15,1,16,220,1
0,0,16,15,2,17,220,1
0,0,18,15,1,28,220,1
0,0,19,15,5,47,220,1
0,0,23,15,3,42,220,1
0,0,28,15,3,34,220,1
0,0,29,15,0,30,220,0
0,0,30,15,5,0,220,1
0,0,32,15,1,4,220,0
0,0,35,15,3,6,220,1
0,0,36,15,5,12,220,0
0,0,40,15,2,2,220,1
0,0,42,15,3,24,220,0
0,0,43,15,1,45,220,0
0,0,49,15,2,0,220,0
0,1,50,15,5,1,220,1
0,1,51,15,4,40,220,1
0,1,53,15,3,0,220,1
0,1,57,15,4,27,220,0
0,1,59,15,1,41,220,1
0,1,68,15,1,10,220,0
0,1,70,15,2,5,220,1
0,1,71,15,1,25,220,1
0,1,72,15,0,38,220,0
0,1,73,15,2,21,220,0
0,1,74,15,5,35,220,1
0,1,78,15,0,37,220,0
0,1,80,15,2,38,220,0
0,1,81,15,5,29,220,1
0,1,83,15,2,35,220,1
0,1,85,15,1,4,220,1
0,1,87,15,1,37,220,1
0,1,93,15,3,9,220,1
0,1,97,15,1,39,220,1
0,1,98,15,0,25,220,0
0,0,5,16,1,26,231,1
0,0,6,16,5,14,231,1
0,0,9,16,1,6,231,1
0,0,10,16,1,11,231,1
0,0,13,16,2,41,231,1
0,0,15,16,0,18,231,0
0,0,17,16,2,42,231,1
0,0,18,16,1,28,231,1
0,0,24,16,5,48,231,1
0,0,27,16,2,2,231,1
0,0,28,16,3,34,231,1
0,0,31,16,0,15,231,1
0,0,33,16,0,33,231,1
0,0,34,16,4,35,231,0
0,0,39,16,0,0,231,0
0,0,40,16,2,2,231,1
0,0,41,16,1,16,231,0
0,0,43,16,1,45,231,1
0,1,50,16,5,1,231,1
0,1,51,16,4,40,231,1
0,1,57,16,4,27,231,1
0,1,58,16,3,30,231,0
0,1,60,16,3,18,231,1
0,1,61,16,5,35,231,1
0,1,63,16,4,34,231,0
0,1,64,16,5,26,231,1
0,1,66,16,5,38,231,1
0,1,70,16,2,5,231,0
0,1,73,16,2,21,231,1
0,1,74,16,5,35,231,1
0,1,78,16,0,37,231,1
0,1,82,16,3,13,231,1
0,1,83,16,2,35,231,1
0,1,88,16,2,19,231,0
0,1,93,16,3,9,231,1
0,1,94,16,2,43,231,1
0,1,97,16,1,39,231,0
0,1,99,16,4,2,231,0
0,0,3,17,3,23,265,1
0,0,13,17,2,41,265,1
0,0,15,17,0,18,265,0
0,0,20,17,5,47,265,0
0,0,22,17,1,23,265,1
0,0,23,17,3,42,265,1
0,0,24,17,5,48,265,1
0,0,25,17,3,22,265,1
0,0,26,17,4,12,265,1
0,0,27,17,2,2,265,1
0,0,32,17,1,4,265,0
0,0,33,17,0,33,265,1
0,0,34,17,4,35,265,0
0,0,35,17,3,6,265,1
0,0,38,17,4,40,265,1
0,0,44,17,2,48,265,1
0,0,45,17,0,15,265,1
0,0,48,17,5,27,265,1
0,1,50,17,5,1,265,1
0,1,51,17,4,40,265,1
0,1,52,17,2,12,265,1
0,1,56,17,4,36,265,1
0,1,58,17,3,30,265,1
0,1,61,17,5,35,265,1
0,1,64,17,5,26,265,1
0,1,70,17,2,5,265,0
0,1,71,17,1,25,265,1
0,1,72,17,0,38,265,0
0,1,75,17,4,44,265,1
0,1,80,17,2,38,265,1
0,1,87,17,1,37,265,1
0,1,89,17,0,49,265,1
0,1,90,17,3,8,265,1
0,1,91,17,2,38,265,1
0,1,93,17,3,9,265,1
0,1,94,17,2,43,265,1
0,1,95,17,2,30,265,0
0,1,97,17,1,39,265,0
0,0,1,18,0,20,318,0
0,0,3,18,3,23,318,1
0,0,8,18,1,16,318,1
0,0,9,18,1,6,318,1
0,0,14,18,0,4,318,1
0,0,15,18,0,18,318,1
0,0,16,18,2,17,318,1
0,0,19,18,5,47,318,1
0,0,25,18,3,22,318,0
0,0,27,18,2,2,318,1
0,0,31,18,0,15,318,1
0,0,39,18,0,0,318,1
0,0,40,18,2,2,318,1
0,0,41,18,1,16,318,1
0,0,42,18,3,24,318,0
0,0,43,18,1,45,318,0
0,0,46,18,2,39,318,1
0,0,49,18,2,0,318,1
0,1,56,18,4,36,318,1
0,1,58,18,3,30,318,0
0,1,62,18,1,10,318,1
0,1,68,18,1,10,318,1
0,1,69,18,4,20,318,1
0,1,70,18,2,5,318,0
0,1,71,18,1,25,318,0
0,1,73,18,2,21,318,1
0,1,75,18,4,44,318,1
0,1,76,18,0,35,318,1
0,1,77,18,2,12,318,1
0,1,78,18,0,37,318,1
0,1,80,18,2,38,318,1
0,1,84,18,5,44,318,1
0,1,87,18,1,37,318,1
0,1,88,18,2,19,318,0
0,1,89,18,0,49,318,1
0,1,97,18,1,39,318,1
0,1,98,18,0,25,318,0
0,1,99,18,4,2,318,1
0,0,2,19,4,4,263,0
0,0,5,19,1,26,263,0
0,0,6,19,5,14,263,1
0,0,7,19,4,7,263,0
0,0,10,19,1,11,263,1
0,0,11,19,0,5,263,0
0,0,12,19,2,10,263,1
0,0,13,19,2,41,263,1
0,0,14,19,0,4,263,1
0,0,15,19,0,18,263,1
0,0,17,19,2,42,263,1
0,0,19,19,5,47,263,1
0,0,21,19,1,45,263,0
0,0,24,19,5,48,263,1
0,0,30,19,5,0,263,1
0,0,34,19,4,35,263,0
0,0,36,19,5,12,263,1
0,0,44,19,2,48,263,1
0,0,46,19,2,39,263,1
0,0,48,19,5,27,263,0
0,1,52,19,2,12,263,1
0,1,54,19,3,16,263,1
0,1,55,19,2,24,263,1
0,1,56,19,4,36,263,0
0,1,59,19,1,41,263,0
0,1,60,19,3,18,263,0
0,1,62,19,1,10,263,1
0,1,65,19,2,3,263,1
0,1,66,19,5,38,263,1
0,1,68,19,1,10,263,0
0,1,73,19,2,21,263,1
0,1,77,19,2,12,263,1
0,1,83,19,2,35,263,1
0,1,86,19,1,14,263,1
0,1,91,19,2,38,263,0
0,1,92,19,1,10,263,1
0,1,96,19,5,35,263,1
0,1,98,19,0,25,263,1
0,0,0,20,2,18,143,0
0,0,1,20,0,20,143,0
0,0,4,20,4,40,143,1
0,0,6,20,5,14,143,0
0,0,8,20,1,16,143,0
0,0,10,20,1,11,143,1
0,0,11,20,0,5,143,0
0,0,12,20,2,10,143,0
0,0,14,20,0,4,143,0
0,0,17,20,2,42,143,1
0,0,19,20,5,47,143,0
0,0,20,20,5,47,143,0
0,0,22,20,1,23,143,0
0,0,25,20,3,22,143,1
0,0,31,20,0,15,143,0
0,0,34,20,4,35,143,0
0,0,38,20,4,40,143,1
0,0,40,20,2,2,143,1
0,0,41,20,1,16,143,0
0,0,49,20,2,0,143,0
0,1,50,20,5,1,143,1
0,1,55,20,2,24,143,1
0,1,57,20,4,27,143,0
0,1,59,20,1,41,143,1
0,1,71,20,1,25,143,0
0,1,72,20,0,38,143,0
0,1,76,20,0,35,143,1
0,1,77,20,2,12,143,0
0,1,81,20,5,29,143,1
0,1,82,20,3,13,143,0
0,1,83,20,2,35,143,1
0,1,84,20,5,44,143,1
0,1,88,20,2,19,143,0
0,1,91,20,2,38,143,0
0,1,93,20,3,9,143,0
0,1,94,20,2,43,143,1
0,1,95,20,2,30,143,1
0,1,96,20,5,35,143,1
0,0,12,21,2,10,259,0
0,0,14,21,0,4,259,1
0,0,18,21,1,28,259,1
0,0,20,21,5,47,259,1
0,0,23,21,3,42,259,1
0,0,24,21,5,48,259,0
0,0,26,21,4,12,259,1
0,0,27,21,2,2,259,1
0,0,30,21,5,0,259,1
0,0,32,21,1,4,259,1
0,0,40,21,2,2,259,1
0,0,41,21,1,16,259,1
0,0,44,21,2,48,259,1
0,0,45,21,0,15,259,1
0,0,47,21,2,9,259,1
0,0,49,21,2,0,259,1
0,1,50,21,5,1,259,0
0,1,52,21,2,12,259,1
0,1,53,21,3,0,259,1
0,1,54,21,3,16,259,1
0,1,55,21,2,24,259,1
0,1,56,21,4,36,259,0
0,1,57,21,4,27,259,0
0,1,62,21,1,10,259,0
0,1,65,21,2,3,259,1
0,1,67,21,5,10,259,1
0,1,68,21,1,10,259,0
0,1,69,21,4,20,259,1
0,1,72,21,0,38,259,1
0,1,74,21,5,35,259,1
0,1,76,21,0,35,259,1
0,1,78,21,0,37,259,1
0,1,85,21,1,4,259,1
0,1,86,21,1,14,259,0
0,1,96,21,5,35,259,1
0,1,97,21,1,39,259,0
0,1,98,21,0,25,259,1
0,1,99,21,4,2,259,1
0,0,1,22,0,20,123,0
0,0,5,22,1,26,123,1
0,0,8,22,1,16,123,1
0,0,10,22,1,11,123,1
0,0,15,22,0,18,123,0
0,0,19,22,5,47,123,0
0,0,20,22,5,47,123,0
0,0,26,22,4,12,123,0
0,0,30,22,5,0,123,1
0,0,31,22,0,15,123,0
0,0,35,22,3,6,123,1
0,0,36,22,5,12,123,1
0,0,37,22,4,9,123,1
0,0,41,22,1,16,123,1
0,0,45,22,0,15,123,1
0,0,49,22,2,0,123,1
0,1,51,22,4,40,123,1
0,1,52,22,2,12,123,1
0,1,55,22,2,24,123,1
0,1,57,22,4,27,123,0
0,1,58,22,3,30,123,0
0,1,59,22,1,41,123,1
0,1,65,22,2,3,123,1
0,1,66,22,5,38,123,0
0,1,68,22,1,10,123,1
0,1,71,22,1,25,123,0
0,1,76,22,0,35,123,1
0,1,79,22,2,48,123,0
0,1,80,22,2,38,123,1
0,1,81,22,5,29,123,0
0,1,82,22,3,13,123,0
0,1,85,22,1,4,123,1
0,1,86,22,1,14,123,1
0,1,88,22,2,19,123,0
0,1,92,22,1,10,123,0
0,1,96,22,5,35,123,1
0,1,98,22,0,25,123,0
0,1,99,22,4,2,123,1
0,0,1,23,0,20,105,1
0,0,2,23,4,4,105,0
0,0,4,23,4,40,105,1
0,0,5,23,1,26,105,1
0,0,8,23,1,16,105,1
0,0,11,23,0,5,105,0
0,0,13,23,2,41,105,1
0,0,14,23,0,4,105,1
0,0,16,23,2,17,105,1
0,0,20,23,5,47,105,1
0,0,25,23,3,22,105,1
0,0,26,23,4,12,105,1
0,0,29,23,0,30,105,1
0,0,32,23,1,4,105,1
0,0,33,23,0,33,105,1
0,0,35,23,3,6,105,1
0,0,36,23,5,12,105,1
0,0,40,23,2,2,105,1
0,0,42,23,3,24,105,1
0,1,61,23,5,35,105,1
0,1,66,23,5,38,105,1
0,1,67,23,5,10,105,1
0,1,68,23,1,10,105,1
0,1,71,23,1,25,105,0
0,1,73,23,2,21,105,1
0,1,74,23,5,35,105,1
0,1,75,23,4,44,105,0
0,1,76,23,0,35,105,1
0,1,80,23,2,38,105,1
0,1,82,23,3,13,105,1
0,1,83,23,2,35,105,0
0,1,85,23,1,4,105,0
0,1,87,23,1,37,105,1
0,1,88,23,2,19,105,0
0,1,89,23,0,49,105,1
0,1,91,23,2,38,105,0
0,1,96,23,5,35,105,1
0,1,98,23,0,25,105,1
0,0,1,24,0,20,6,0
0,0,10,24,1,11,6,1
0,0,14,24,0,4,6,1
0,0,18,24,1,28,6,0
0,0,19,24,5,47,6,1
0,0,21,24,1,45,6,0
0,0,23,24,3,42,6,1
0,0,25,24,3,22,6,1
0,0,27,24,2,2,6,1
0,0,28,24,3,34,6,1
0,0,31,24,0,15,6,0
0,0,33,24,0,33,6,1
0,0,34,24,4,35,6,0
0,0,36,24,5,12,6,0
0,0,43,24,1,45,6,0
0,0,46,24,2,39,6,1
0,0,49,24,2,0,6,0
0,1,50,24,5,1,6,1
0,1,51,24,4,40,6,1
0,1,54,24,3,16,6,1
0,1,56,24,4,36,6,0
0,1,57,24,4,27,6,1
0,1,59,24,1,41,6,1
0,1,61,24,5,35,6,1
0,1,64,24,5,26,6,1
0,1,67,24,5,10,6,1
0,1,69,24,4,20,6,1
0,1,70,24,2,5,6,1
0,1,75,24,4,44,6,1
0,1,77,24,2,12,6,1
0,1,78,24,0,37,6,1
0,1,81,24,5,29,6,1
0,1,86,24,1,14,6,1
0,1,88,24,2,19,6,0
0,1,89,24,0,49,6,1
0,1,94,24,2,43,6,1
0,1,95,24,2,30,6,0
0,1,99,24,4,2,6,0
0,0,0,25,2,18,109,1
0,0,2,25,4,4,109,0
0,0,3,25,3,23,109,0
0,0,5,25,1,26,109,1
0,0,6,25,5,14,109,0
0,0,10,25,1,11,109,1
0,0,11,25,0,5,109,1
0,0,12,25,2,10,109,1
0,0,14,25,0,4,109,1
0,0,15,25,0,18,109,0
0,0,16,25,2,17,109,1
0,0,18,25,1,28,109,0
0,0,19,25,5,47,109,1
0,0,22,25,1,23,109,1
0,0,26,25,4,12,109,1
0,0,27,25,2,2,109,1
0,0,29,25,0,30,109,1
0,0,32,25,1,4,109,1
0,0,34,25,4,35,109,0
0,0,37,25,4,9,109,0
0,0,38,25,4,40,109,1
0,0,49,25,2,0,109,1
0,1,51,25,4,40,109,1
0,1,54,25,3,16,109,1
0,1,55,25,2,24,109,1
0,1,59,25,1,41,109,1
0,1,70,25,2,5,109,1
0,1,71,25,1,25,109,1
0,1,72,25,0,38,109,1
0,1,75,25,4,44,109,0
0,1,77,25,2,12,109,1
0,1,80,25,2,38,109,0
0,1,82,25,3,13,109,1
0,1,83,25,2,35,109,1
0,1,84,25,5,44,109,1
0,1,85,25,1,4,109,1
0,1,87,25,1,37,109,1
0,1,92,25,1,10,109,0
0,0,0,26,2,18,283,0
0,0,1,26,0,20,283,0
0,0,2,26,4,4,283,1
0,0,3,26,3,23,283,1
0,0,5,26,1,26,283,1
0,0,8,26,1,16,283,1
0,0,10,26,1,11,283,1
0,0,11,26,0,5,283,1
0,0,14,26,0,4,283,0
0,0,16,26,2,17,283,1
0,0,21,26,1,45,283,1
0,0,26,26,4,12,283,1
0,0,29,26,0,30,283,0
0,0,30,26,5,0,283,1
0,0,38,26,4,40,283,1
0,0,41,26,1,16,283,1
0,0,45,26,0,15,283,1
0,1,50,26,5,1,283,1
0,1,51,26,4,40,283,1
0,1,55,26,2,24,283,1
0,1,60,26,3,18,283,1
0,1,63,26,4,34,283,1
0,1,64,26,5,26,283,1
0,1,67,26,5,10,283,1
0,1,70,26,2,5,283,1
0,1,72,26,0,38,283,1
0,1,75,26,4,44,283,0
0,1,79,26,2,48,283,1
0,1,81,26,5,29,283,1
0,1,83,26,2,35,283,1
0,1,85,26,1,4,283,1
0,1,86,26,1,14,283,1
0,1,87,26,1,37,283,1
0,1,88,26,2,19,283,0
0,1,90,26,3,8,283,1
0,1,94,26,2,43,283,1
0,1,96,26,5,35,283,1
0,1,97,26,1,39,283,1
0,0,2,27,4,4,89,1
0,0,7,27,4,7,89,1
0,0,8,27,1,16,89,1
0,0,10,27,1,11,89,1
0,0,11,27,0,5,89,0
0,0,14,27,0,4,89,1
0,0,17,27,2,42,89,1
0,0,19,27,5,47,89,1
0,0,21,27,1,45,89,1
0,0,22,27,1,23,89,1
0,0,23,27,3,42,89,1
0,0,25,27,3,22,89,0
0,0,36,27,5,12,89,1
0,0,38,27,4,40,89,1
0,0,40,27,2,2,89,1
0,0,42,27,3,24,89,1
0,0,44,27,2,48,89,1
0,0,45,27,0,15,89,1
0,0,46,27,2,39,89,1
0,1,50,27,5,1,89,1
0,1,51,27,4,40,89,1
0,1,55,27,2,24,89,1
0,1,57,27,4,27,89,0
0,1,62,27,1,10,89,0
0,1,63,27,4,34,89,1
0,1,68,27,1,10,89,0
0,1,69,27,4,20,89,0
0,1,74,27,5,35,89,1
0,1,75,27,4,44,89,0
0,1,79,27,2,48,89,1
0,1,80,27,2,38,89,1
0,1,83,27,2,35,89,1
0,1,84,27,5,44,89,1
0,1,89,27,0,49,89,1
0,1,90,27,3,8,89,1
0,1,96,27,5,35,89,1
0,1,97,27,1,39,89,0
0,1,98,27,0,25,89,0
0,0,1,28,0,20,254,0
0,0,2,28,4,4,254,1
0,0,6,28,5,14,254,1
0,0,10,28,1,11,254,1
0,0,15,28,0,18,254,1
0,0,16,28,2,17,254,1
0,0,21,28,1,45,254,1
0,0,22,28,1,23,254,1
0,0,23,28,3,42,254,1
0,0,24,28,5,48,254,1
0,0,25,28,3,22,254,0
0,0,30,28,5,0,254,1
0,0,31,28,0,15,254,1
0,0,32,28,1,4,254,1
0,0,37,28,4,9,254,1
0,0,39,28,0,0,254,0
0,0,41,28,1,16,254,1
0,0,44,28,2,48,254,1
0,0,45,28,0,15,254,1
0,0,46,28,2,39,254,1
0,1,50,28,5,1,254,0
0,1,51,28,4,40,254,1
0,1,53,28,3,0,254,0
0,1,61,28,5,35,254,0
0,1,67,28,5,10,254,1
0,1,68,28,1,10,254,0
0,1,70,28,2,5,254,0
0,1,77,28,2,12,254,1
0,1,78,28,0,37,254,1
0,1,81,28,5,29,254,1
0,1,83,28,2,35,254,0
0,1,84,28,5,44,254,1
0,1,86,28,1,14,254,1
0,1,88,28,2,19,254,0
0,1,89,28,0,49,254,0
0,1,90,28,3,8,254,1
0,1,95,28,2,30,254,1
0,1,97,28,1,39,254,0
0,0,1,29,0,20,217,0
0,0,4,29,4,40,217,1
0,0,5,29,1,26,217,1
0,0,6,29,5,14,217,1
0,0,9,29,1,6,217,1
0,0,13,29,2,41,217,1
0,0,15,29,0,18,217,0
0,0,16,29,2,17,217,1
0,0,17,29,2,42,217,0
0,0,18,29,1,28,217,1
0,0,19,29,5,47,217,0
0,0,24,29,5,48,217,1
0,0,32,29,1,4,217,0
0,0,33,29,0,33,217,0
0,0,34,29,4,35,217,0
0,0,35,29,3,6,217,1
0,0,37,29,4,9,217,1
0,0,38,29,4,40,217,1
0,0,40,29,2,2,217,1
0,0,43,29,1,45,217,0
0,0,44,29,2,48,217,0
0,0,46,29,2,39,217,1
0,0,49,29,2,0,217,0
0,1,50,29,5,1,217,1
0,1,58,29,3,30,217,1
0,1,60,29,3,18,217,1
0,1,62,29,1,10,217,1
0,1,64,29,5,26,217,0
0,1,68,29,1,10,217,0
0,1,71,29,1,25,217,0
0,1,73,29,2,21,217,1
0,1,75,29,4,44,217,1
0,1,79,29,2,48,217,1
0,1,81,29,5,29,217,1
0,1,82,29,3,13,217,0
0,1,84,29,5,44,217,1
0,1,94,29,2,43,217,1
0,1,97,29,1,39,217,0
0,0,0,30,2,18,269,1
0,0,2,30,4,4,269,0
0,0,5,30,1,26,269,1
0,0,7,30,4,7,269,0
0,0,17,30,2,42,269,1
0,0,19,30,5,47,269,0
0,0,23,30,3,42,269,1
0,0,25,30,3,22,269,1
0,0,27,30,2,2,269,1
0,0,32,30,1,4,269,0
0,0,34,30,4,35,269,0
0,0,37,30,4,9,269,0
0,0,38,30,4,40,269,1
0,0,39,30,0,0,269,1
0,0,42,30,3,24,269,1
0,0,43,30,1,45,269,1
0,0,47,30,2,9,269,0
0,0,48,30,5,27,269,1
0,1,50,30,5,1,269,1
0,1,51,30,4,40,269,1
0,1,52,30,2,12,269,1
0,1,55,30,2,24,269,1
0,1,59,30,1,41,269,1
0,1,60,30,3,18,269,1
0,1,64,30,5,26,269,1
0,1,65,30,2,3,269,1
0,1,66,30,5,38,269,0
0,1,70,30,2,5,269,0
0,1,72,30,0,38,269,0
0,1,75,30,4,44,269,1
0,1,78,30,0,37,269,0
0,1,79,30,2,48,269,0
0,1,84,30,5,44,269,1
0,1,85,30,1,4,269,1
0,1,90,30,3,8,269,1
0,1,93,30,3,9,269,1
0,1,98,30,0,25,269,1
0,1,99,30,4,2,269,0
0,0,4,31,4,40,241,1
0,0,5,31,1,26,241,1
0,0,7,31,4,7,241,0
0,0,9,31,1,6,241,0
0,0,11,31,0,5,241,0
0,0,15,31,0,18,241,0
0,0,23,31,3,42,241,1
0,0,27,31,2,2,241,0
0,0,28,31,3,34,241,1
0,0,30,31,5,0,241,0
0,0,33,31,0,33,241,1
0,0,35,31,3,6,241,0
0,0,37,31,4,9,241,1
0,0,43,31,1,45,241,1
0,0,44,31,2,48,241,1
0,0,45,31,0,15,241,1
0,1,50,31,5,1,241,1
0,1,51,31,4,40,241,1
0,1,52,31,2,12,241,0
0,1,53,31,3,0,241,0
0,1,56,31,4,36,241,1
0,1,58,31,3,30,241,0
0,1,61,31,5,35,241,1
0,1,62,31,1,10,241,0
0,1,66,31,5,38,241,0
0,1,70,31,2,5,241,0
0,1,73,31,2,21,241,1
0,1,77,31,2,12,241,1
0,1,78,31,0,37,241,1
0,1,81,31,5,29,241,1
0,1,82,31,3,13,241,1
0,1,87,31,1,37,241,1
0,1,88,31,2,19,241,0
0,1,92,31,1,10,241,0
0,1,93,31,3,9,241,1
0,1,94,31,2,43,241,1
0,1,97,31,1,39,241,0
0,1,98,31,0,25,241,1
0,0,0,32,2,18,314,1
0,0,1,32,0,20,314,1
0,0,3,32,3,23,314,0
0,0,4,32,4,40,314,1
0,0,5,32,1,26,314,1
0,0,6,32,5,14,314,0
0,0,7,32,4,7,314,0
0,0,8,32,1,16,314,1
0,0,10,32,1,11,314,1
0,0,12,32,2,10,314,1
0,0,15,32,0,18,314,0
0,0,17,32,2,42,314,1
0,0,19,32,5,47,314,1
0,0,20,32,5,47,314,1
0,0,21,32,1,45,314,0
0,0,26,32,4,12,314,1
0,0,35,32,3,6,314,1
0,0,37,32,4,9,314,1
0,0,38,32,4,40,314,1
0,0,42,32,3,24,314,1
0,0,43,32,1,45,314,1
0,0,44,32,2,48,314,1
0,0,47,32,2,9,314,0
0,1,53,32,3,0,314,0
0,1,55,32,2,24,314,1
0,1,58,32,3,30,314,1
0,1,60,32,3,18,314,1
0,1,61,32,5,35,314,1
0,1,64,32,5,26,314,0
0,1,65,32,2,3,314,1
0,1,68,32,1,10,314,1
0,1,73,32,2,21,314,1
0,1,79,32,2,48,314,1
0,1,82,32,3,13,314,0
0,1,84,32,5,44,314,1
0,1,86,32,1,14,314,1
0,1,94,32,2,43,314,1
0,1,99,32,4,2,314,0
0,0,0,33,2,18,26,0
0,0,3,33,3,23,26,1
0,0,5,33,1,26,26,1
0,0,6,33,5,14,26,1
0,0,10,33,1,11,26,1
0,0,15,33,0,18,26,0
0,0,16,33,2,17,26,1
0,0,22,33,1,23,26,0
0,0,25,33,3,22,26,1
0,0,33,33,0,33,26,1
0,0,35,33,3,6,26,1
0,0,39,33,0,0,26,0
0,0,43,33,1,45,26,0
0,0,45,33,0,15,26,1
0,0,46,33,2,39,26,1
0,0,48,33,5,27,26,1
0,0,49,33,2,0,26,0
0,1,51,33,4,40,26,1
0,1,52,33,2,12,26,1
0,1,56,33,4,36,26,0
0,1,57,33,4,27,26,0
0,1,58,33,3,30,26,1
0,1,62,33,1,10,26,0
0,1,63,33,4,34,26,1
0,1,64,33,5,26,26,1
0,1,65,33,2,3,26,0
0,1,66,33,5,38,26,0
0,1,68,33,1,10,26,1
0,1,72,33,0,38,26,1
0,1,74,33,5,35,26,1
0,1,77,33,2,12,26,1
0,1,78,33,0,37,26,1
0,1,79,33,2,48,26,1
0,1,80,33,2,38,26,1
0,1,81,33,5,29,26,1
0,1,83,33,2,35,26,0
0,1,96,33,5,35,26,1
0,1,99,33,4,2,26,0
0,0,1,34,0,20,128,0
0,0,3,34,3,23,128,1
0,0,5,34,1,26,128,0
0,0,7,34,4,7,128,1
0,0,8,34,1,16,128,1
0,0,9,34,1,6,128,0
0,0,12,34,2,10,128,1
0,0,15,34,0,18,128,0
0,0,17,34,2,42,128,0
0,0,22,34,1,23,128,1
0,0,24,34,5,48,128,1
0,0,27,34,2,2,128,1
0,0,28,34,3,34,128,1
0,0,31,34,0,15,128,1
0,0,33,34,0,33,128,1
0,0,36,34,5,12,128,1
0,0,37,34,4,9,128,0
0,0,41,34,1,16,128,1
0,0,42,34,3,24,128,1
0,0,45,34,0,15,128,1
0,0,46,34,2,39,128,1
0,1,51,34,4,40,128,1
0,1,52,34,2,12,128,1
0,1,53,34,3,0,128,0
0,1,61,34,5,35,128,0
0,1,66,34,5,38,128,1
0,1,69,34,4,20,128,1
0,1,71,34,1,25,128,0
0,1,72,34,0,38,128,0
0,1,73,34,2,21,128,1
0,1,76,34,0,35,128,1
0,1,80,34,2,38,128,1
0,1,81,34,5,29,128,1
0,1,84,34,5,44,128,1
0,1,89,34,0,49,128,1
0,1,92,34,1,10,128,0
0,1,96,34,5,35,128,1
0,1,99,34,4,2,128,1
0,0,1,35,0,20,147,0
0,0,3,35,3,23,147,0
0,0,5,35,1,26,147,1
0,0,8,35,1,16,147,1
0,0,9,35,1,6,147,1
0,0,10,35,1,11,147,1
0,0,20,35,5,47,147,1
0,0,28,35,3,34,147,0
0,0,33,35,0,33,147,0
0,0,35,35,3,6,147,1
0,0,36,35,5,12,147,1
0,0,37,35,4,9,147,0
0,0,38,35,4,40,147,1
0,0,41,35,1,16,147,1
0,0,42,35,3,24,147,1
0,0,44,35,2,48,147,0
0,0,45,35,0,15,147,1
0,0,48,35,5,27,147,1
0,0,49,35,2,0,147,1
0,1,50,35,5,1,147,1
0,1,51,35,4,40,147,1
0,1,53,35,3,0,147,1
0,1,59,35,1,41,147,1
0,1,63,35,4,34,147,0
0,1,64,35,5,26,147,1
0,1,65,35,2,3,147,1
0,1,72,35,0,38,147,1
0,1,73,35,2,21,147,1
0,1,75,35,4,44,147,1
0,1,83,35,2,35,147,1
0,1,86,35,1,14,147,1
0,1,88,35,2,19,147,0
0,1,89,35,0,49,147,1
0,1,94,35,2,43,147,1
0,1,95,35,2,30,147,1
0,1,96,35,5,35,147,1
0,1,98,35,0,25,147,0
0,1,99,35,4,2,147,0
0,0,0,36,2,18,165,1
0,0,1,36,0,20,165,1
0,0,2,36,4,4,165,1
0,0,5,36,1,26,165,1
0,0,8,36,1,16,165,1
0,0,9,36,1,6,165,1
0,0,12,36,2,10,165,1
0,0,13,36,2,41,165,1
0,0,15,36,0,18,165,1
0,0,16,36,2,17,165,1
0,0,19,36,5,47,165,1
0,0,22,36,1,23,165,1
0,0,24,36,5,48,165,1
0,0,27,36,2,2,165,1
0,0,32,36,1,4,165,1
0,0,34,36,4,35,165,1
0,0,36,36,5,12,165,1
0,0,37,36,4,9,165,1
0,0,40,36,2,2,165,1
0,0,42,36,3,24,165,1
0,0,44,36,2,48,165,1
0,0,49,36,2,0,165,1
0,1,55,36,2,24,165,1
0,1,58,36,3,30,165,1
0,1,60,36,3,18,165,1
0,1,61,36,5,35,165,1
0,1,64,36,5,26,165,1
0,1,66,36,5,38,165,1
0,1,67,36,5,10,165,1
0,1,72,36,0,38,165,1
0,1,77,36,2,12,165,1
0,1,78,36,0,37,165,1
0,1,79,36,2,48,165,1
0,1,83,36,2,35,165,1
0,1,88,36,2,19,165,0
0,1,90,36,3,8,165,1
0,1,94,36,2,43,165,1
0,1,96,36,5,35,165,1
0,0,8,37,1,16,308,1
0,0,9,37,1,6,308,0
0,0,11,37,0,5,308,0
0,0,12,37,2,10,308,1
0,0,15,37,0,18,308,1
0,0,16,37,2,17,308,1
0,0,17,37,2,42,308,1
0,0,19,37,5,47,308,0
0,0,20,37,5,47,308,1
0,0,21,37,1,45,308,1
0,0,22,37,1,23,308,1
0,0,23,37,3,42,308,1
0,0,24,37,5,48,308,1
0,0,25,37,3,22,308,1
0,0,27,37,2,2,308,1
0,0,29,37,0,30,308,0
0,0,30,37,5,0,308,1
0,0,32,37,1,4,308,1
0,0,34,37,4,35,308,0
0,0,35,37,3,6,308,1
0,0,40,37,2,2,308,1
0,0,42,37,3,24,308,1
0,0,43,37,1,45,308,0
0,0,45,37,0,15,308,0
0,0,48,37,5,27,308,1
0,1,50,37,5,1,308,1
0,1,52,37,2,12,308,1
0,1,55,37,2,24,308,1
0,1,56,37,4,36,308,0
0,1,60,37,3,18,308,1
0,1,64,37,5,26,308,0
0,1,66,37,5,38,308,0
0,1,84,37,5,44,308,1
0,1,86,37,1,14,308,1
0,1,88,37,2,19,308,0
0,1,92,37,1,10,308,1
0,1,95,37,2,30,308,1
0,1,98,37,0,25,308,1
0,0,0,38,2,18,104,0
0,0,2,38,4,4,104,1
0,0,3,38,3,23,104,1
0,0,5,38,1,26,104,1
0,0,6,38,5,14,104,1
0,0,7,38,4,7,104,1
0,0,10,38,1,11,104,1
0,0,24,38,5,48,104,1
0,0,26,38,4,12,104,1
0,0,27,38,2,2,104,1
0,0,28,38,3,34,104,1
0,0,33,38,0,33,104,1
0,0,34,38,4,35,104,0
0,0,37,38,4,9,104,1
0,0,38,38,4,40,104,1
0,0,40,38,2,2,104,0
0,0,42,38,3,24,104,1
0,0,45,38,0,15,104,1
0,0,49,38,2,0,104,1
0,1,50,38,5,1,104,1
0,1,54,38,3,16,104,1
0,1,55,38,2,24,104,1
0,1,59,38,1,41,104,1
0,1,64,38,5,26,104,1
0,1,67,38,5,10,104,1
0,1,72,38,0,38,104,0
0,1,73,38,2,21,104,1
0,1,74,38,5,35,104,1
0,1,79,38,2,48,104,1
0,1,81,38,5,29,104,1
0,1,82,38,3,13,104,1
0,1,83,38,2,35,104,1
0,1,84,38,5,44,104,1
0,1,85,38,1,4,104,1
0,1,87,38,1,37,104,1
0,1,92,38,1,10,104,1
0,1,93,38,3,9,104,1
0,1,97,38,1,39,104,1
0,0,1,39,0,20,92,0
0,0,2,39,4,4,92,0
0,0,3,39,3,23,92,1
0,0,7,39,4,7,92,1
0,0,12,39,2,10,92,1
0,0,15,39,0,18,92,0
0,0,17,39,2,42,92,1
0,0,20,39,5,47,92,1
0,0,22,39,1,23,92,1
0,0,25,39,3,22,92,1
0,0,26,39,4,12,92,1
0,0,28,39,3,34,92,0
0,0,31,39,0,15,92,1
0,0,33,39,0,33,92,0
0,0,34,39,4,35,92,0
0,0,37,39,4,9,92,1
0,0,40,39,2,2,92,1
0,0,43,39,1,45,92,1
0,0,47,39,2,9,92,1
0,0,49,39,2,0,92,1
0,1,51,39,4,40,92,1
0,1,59,39,1,41,92,1
0,1,63,39,4,34,92,1
0,1,64,39,5,26,92,1
0,1,65,39,2,3,92,0
0,1,67,39,5,10,92,1
0,1,71,39,1,25,92,1
0,1,72,39,0,38,92,1
0,1,76,39,0,35,92,1
0,1,77,39,2,12,92,1
0,1,78,39,0,37,92,0
0,1,82,39,3,13,92,0
0,1,84,39,5,44,92,1
0,1,85,39,1,4,92,1
0,1,87,39,1,37,92,0
0,1,88,39,2,19,92,0
0,1,97,39,1,39,92,0
0,1,99,39,4,2,92,0
0,0,2,40,4,4,47,0
0,0,6,40,5,14,47,1
0,0,9,40,1,6,47,1
0,0,10,40,1,11,47,1
0,0,11,40,0,5,47,1
0,0,14,40,0,4,47,1
0,0,17,40,2,42,47,1
0,0,23,40,3,42,47,1
0,0,26,40,4,12,47,1
0,0,27,40,2,2,47,1
0,0,28,40,3,34,47,1
0,0,29,40,0,30,47,0
0,0,36,40,5,12,47,1
0,0,38,40,4,40,47,1
0,0,41,40,1,16,47,0
0,0,44,40,2,48,47,1
0,0,45,40,0,15,47,1
0,0,46,40,2,39,47,0
0,0,47,40,2,9,47,0
0,0,49,40,2,0,47,0
0,1,55,40,2,24,47,1
0,1,56,40,4,36,47,0
0,1,61,40,5,35,47,0
0,1,72,40,0,38,47,1
0,1,73,40,2,21,47,1
0,1,74,40,5,35,47,0
0,1,76,40,0,35,47,1
0,1,78,40,0,37,47,1
0,1,79,40,2,48,47,0
0,1,83,40,2,35,47,0
0,1,84,40,5,44,47,1
0,1,85,40,1,4,47,1
0,1,86,40,1,14,47,1
0,1,87,40,1,37,47,1
0,1,89,40,0,49,47,1
0,1,90,40,3,8,47,1
0,1,96,40,5,35,47,0
0,1,98,40,0,25,47,1
0,0,2,41,4,4,164,0
0,0,3,41,3,23,164,0
0,0,4,41,4,40,164,1
0,0,5,41,1,26,164,0
0,0,9,41,1,6,164,1
0,0,10,41,1,11,164,1
0,0,12,41,2,10,164,0
0,0,13,41,2,41,164,1
0,0,16,41,2,17,164,1
0,0,17,41,2,42,164,0
0,0,22,41,1,23,164,1
0,0,23,41,3,42,164,1
0,0,28,41,3,34,164,0
0,0,29,41,0,30,164,0
0,0,31,41,0,15,164,1
0,0,33,41,0,33,164,0
0,0,34,41,4,35,164,1
0,0,36,41,5,12,164,1
0,0,37,41,4,9,164,0
0,0,41,41,1,16,164,1
0,0,45,41,0,15,164,1
0,0,47,41,2,9,164,0
0,1,50,41,5,1,164,1
0,1,51,41,4,40,164,1
0,1,52,41,2,12,164,0
0,1,55,41,2,24,164,1
0,1,59,41,1,41,164,1
0,1,61,41,5,35,164,1
0,1,63,41,4,34,164,1
0,1,66,41,5,38,164,0
0,1,70,41,2,5,164,0
0,1,72,41,0,38,164,1
0,1,78,41,0,37,164,0
0,1,82,41,3,13,164,0
0,1,85,41,1,4,164,1
0,1,89,41,0,49,164,1
0,1,91,41,2,38,164,1
0,1,92,41,1,10,164,1
0,0,0,42,2,18,122,1
0,0,1,42,0,20,122,1
0,0,5,42,1,26,122,1
0,0,7,42,4,7,122,0
0,0,10,42,1,11,122,1
0,0,13,42,2,41,122,1
0,0,15,42,0,18,122,0
0,0,17,42,2,42,122,1
0,0,18,42,1,28,122,1
0,0,20,42,5,47,122,1
0,0,24,42,5,48,122,1
0,0,25,42,3,22,122,1
0,0,31,42,0,15,122,0
0,0,32,42,1,4,122,1
0,0,33,42,0,33,122,1
0,0,38,42,4,40,122,1
0,0,41,42,1,16,122,1
0,0,44,42,2,48,122,1
0,0,47,42,2,9,122,0
0,0,48,42,5,27,122,1
0,1,51,42,4,40,122,1
0,1,53,42,3,0,122,1
0,1,54,42,3,16,122,1
0,1,55,42,2,24,122,1
0,1,57,42,4,27,122,0
0,1,63,42,4,34,122,1
0,1,66,42,5,38,122,0
0,1,67,42,5,10,122,0
0,1,70,42,2,5,122,1
0,1,71,42,1,25,122,1
0,1,72,42,0,38,122,1
0,1,75,42,4,44,122,1
0,1,77,42,2,12,122,1
0,1,81,42,5,29,122,1
0,1,86,42,1,14,122,1
0,1,87,42,1,37,122,1
0,1,91,42,2,38,122,0
0,1,99,42,4,2,122,1
0,0,1,43,0,20,4,0
0,0,2,43,4,4,4,1
0,0,3,43,3,23,4,0
0,0,4,43,4,40,4,1
0,0,5,43,1,26,4,1
0,0,8,43,1,16,4,1
0,0,9,43,1,6,4,1
0,0,11,43,0,5,4,1
0,0,12,43,2,10,4,0
0,0,22,43,1,23,4,1
0,0,26,43,4,12,4,1
0,0,27,43,2,2,4,1
0,0,28,43,3,34,4,1
0,0,30,43,5,0,4,1
0,0,36,43,5,12,4,1
0,0,37,43,4,9,4,0
0,0,38,43,4,40,4,1
0,0,40,43,2,2,4,1
0,0,43,43,1,45,4,1
0,0,45,43,0,15,4,1
0,1,50,43,5,1,4,1
0,1,56,43,4,36,4,1
0,1,58,43,3,30,4,0
0,1,59,43,1,41,4,1
0,1,61,43,5,35,4,1
0,1,62,43,1,10,4,1
0,1,66,43,5,38,4,0
0,1,68,43,1,10,4,0
0,1,69,43,4,20,4,1
0,1,70,43,2,5,4,0
0,1,74,43,5,35,4,1
0,1,76,43,0,35,4,1
0,1,79,43,2,48,4,1
0,1,80,43,2,38,4,1
0,1,82,43,3,13,4,0
0,1,85,43,1,4,4,1
0,1,91,43,2,38,4,1
0,1,97,43,1,39,4,1
0,0,0,44,2,18,79,1
0,0,2,44,4,4,79,0
0,0,5,44,1,26,79,0
0,0,11,44,0,5,79,0
0,0,12,44,2,10,79,0
0,0,13,44,2,41,79,0
0,0,14,44,0,4,79,1
0,0,16,44,2,17,79,1
0,0,17,44,2,42,79,0
0,0,20,44,5,47,79,1
0,0,23,44,3,42,79,0
0,0,24,44,5,48,79,0
0,0,25,44,3,22,79,1
0,0,26,44,4,12,79,0
0,0,28,44,3,34,79,1
0,0,30,44,5,0,79,1
0,0,34,44,4,35,79,0
0,0,38,44,4,40,79,1
0,0,40,44,2,2,79,1
0,0,48,44,5,27,79,1
0,1,50,44,5,1,79,0
0,1,51,44,4,40,79,1
0,1,53,44,3,0,79,1
0,1,54,44,3,16,79,1
0,1,55,44,2,24,79,1
0,1,56,44,4,36,79,0
0,1,58,44,3,30,79,1
0,1,59,44,1,41,79,0
0,1,64,44,5,26,79,0
0,1,65,44,2,3,79,0
0,1,67,44,5,10,79,0
0,1,69,44,4,20,79,1
0,1,73,44,2,21,79,1
0,1,74,44,5,35,79,1
0,1,81,44,5,29,79,1
0,1,85,44,1,4,79,1
0,1,88,44,2,19,79,0
0,1,91,44,2,38,79,1
0,0,1,45,0,20,306,0
0,0,2,45,4,4,306,0
0,0,4,45,4,40,306,1
0,0,8,45,1,16,306,1
0,0,9,45,1,6,306,1
0,0,11,45,0,5,306,1
0,0,13,45,2,41,306,1
0,0,14,45,0,4,306,1
0,0,21,45,1,45,306,1
0,0,24,45,5,48,306,0
0,0,28,45,3,34,306,1
0,0,30,45,5,0,306,0
0,0,34,45,4,35,306,0
0,0,36,45,5,12,306,1
0,0,37,45,4,9,306,0
0,0,39,45,0,0,306,1
0,0,45,45,0,15,306,1
0,0,49,45,2,0,306,1
0,1,50,45,5,1,306,1
0,1,53,45,3,0,306,0
0,1,57,45,4,27,306,1
0,1,61,45,5,35,306,1
0,1,62,45,1,10,306,1
0,1,68,45,1,10,306,1
0,1,70,45,2,5,306,0
0,1,72,45,0,38,306,1
0,1,73,45,2,21,306,1
0,1,79,45,2,48,306,1
0,1,83,45,2,35,306,1
0,1,84,45,5,44,306,1
0,1,86,45,1,14,306,1
0,1,87,45,1,37,306,1
0,1,90,45,3,8,306,1
0,1,94,45,2,43,306,1
0,1,95,45,2,30,306,1
0,1,96,45,5,35,306,1
0,1,97,45,1,39,306,1
0,1,99,45,4,2,306,0
0,0,2,46,4,4,133,0
0,0,5,46,1,26,133,1
0,0,8,46,1,16,133,1
0,0,10,46,1,11,133,1
0,0,17,46,2,42,133,1
0,0,18,46,1,28,133,1
0,0,19,46,5,47,133,0
0,0,27,46,2,2,133,1
0,0,28,46,3,34,133,1
0,0,29,46,0,30,133,0
0,0,33,46,0,33,133,0
0,0,36,46,5,12,133,1
0,0,42,46,3,24,133,1
0,0,45,46,0,15,133,1
0,0,46,46,2,39,133,1
0,0,48,46,5,27,133,1
0,1,50,46,5,1,133,1
0,1,52,46,2,12,133,1
0,1,55,46,2,24,133,1
0,1,58,46,3,30,133,1
0,1,59,46,1,41,133,1
0,1,63,46,4,34,133,1
0,1,64,46,5,26,133,1
0,1,65,46,2,3,133,1
0,1,69,46,4,20,133,1
0,1,70,46,2,5,133,1
0,1,71,46,1,25,133,1
0,1,75,46,4,44,133,1
0,1,76,46,0,35,133,1
0,1,81,46,5,29,133,1
0,1,84,46,5,44,133,1
0,1,86,46,1,14,133,1
0,1,87,46,1,37,133,1
0,1,88,46,2,19,133,1
0,1,89,46,0,49,133,1
0,1,90,46,3,8,133,1
0,1,92,46,1,10,133,0
0,1,94,46,2,43,133,1
0,0,0,47,2,18,227,1
0,0,13,47,2,41,227,1
0,0,18,47,1,28,227,1
0,0,19,47,5,47,227,0
0,0,22,47,1,23,227,1
0,0,24,47,5,48,227,1
0,0,26,47,4,12,227,1
0,0,27,47,2,2,227,1
0,0,35,47,3,6,227,1
0,0,37,47,4,9,227,1
0,0,38,47,4,40,227,1
0,0,40,47,2,2,227,1
0,0,42,47,3,24,227,1
0,0,43,47,1,45,227,1
0,0,45,47,0,15,227,1
0,0,47,47,2,9,227,0
0,0,49,47,2,0,227,0
0,1,53,47,3,0,227,0
0,1,54,47,3,16,227,1
0,1,55,47,2,24,227,1
0,1,57,47,4,27,227,0
0,1,59,47,1,41,227,1
0,1,62,47,1,10,227,1
0,1,64,47,5,26,227,1
0,1,65,47,2,3,227,1
0,1,67,47,5,10,227,1
0,1,68,47,1,10,227,1
0,1,69,47,4,20,227,1
0,1,72,47,0,38,227,1
0,1,74,47,5,35,227,1
0,1,75,47,4,44,227,1
0,1,77,47,2,12,227,1
0,1,78,47,0,37,227,0
0,1,85,47,1,4,227,1
0,1,86,47,1,14,227,0
0,1,88,47,2,19,227,0
0,1,98,47,0,25,227,1
0,1,99,47,4,2,227,1
0,0,6,48,5,14,147,0
0,0,7,48,4,7,147,1
0,0,10,48,1,11,147,1
0,0,12,48,2,10,147,0
0,0,13,48,2,41,147,1
0,0,15,48,0,18,147,0
0,0,17,48,2,42,147,1
0,0,23,48,3,42,147,0
0,0,24,48,5,48,147,1
0,0,25,48,3,22,147,1
0,0,27,48,2,2,147,0
0,0,31,48,0,15,147,1
0,0,34,48,4,35,147,0
0,0,39,48,0,0,147,1
0,0,42,48,3,24,147,1
0,0,43,48,1,45,147,1
0,0,44,48,2,48,147,1
0,0,49,48,2,0,147,1
0,1,53,48,3,0,147,0
0,1,57,48,4,27,147,0
0,1,58,48,3,30,147,1
0,1,59,48,1,41,147,1
0,1,60,48,3,18,147,1
0,1,62,48,1,10,147,0
0,1,64,48,5,26,147,0
0,1,66,48,5,38,147,1
0,1,68,48,1,10,147,1
0,1,70,48,2,5,147,1
0,1,71,48,1,25,147,0
0,1,72,48,0,38,147,1
0,1,78,48,0,37,147,1
0,1,80,48,2,38,147,1
0,1,81,48,5,29,147,1
0,1,82,48,3,13,147,0
0,1,84,48,5,44,147,1
0,1,87,48,1,37,147,1
0,1,90,48,3,8,147,1
0,1,93,48,3,9,147,1
0,0,2,49,4,4,286,0
0,0,9,49,1,6,286,1
0,0,10,49,1,11,286,1
0,0,11,49,0,5,286,0
0,0,19,49,5,47,286,0
0,0,25,49,3,22,286,1
0,0,26,49,4,12,286,0
0,0,29,49,0,30,286,1
0,0,31,49,0,15,286,1
0,0,32,49,1,4,286,1
0,0,33,49,0,33,286,0
0,0,36,49,5,12,286,0
0,0,38,49,4,40,286,0
0,0,40,49,2,2,286,1
0,0,41,49,1,16,286,1
0,0,43,49,1,45,286,0
0,0,45,49,0,15,286,1
0,1,50,49,5,1,286,1
0,1,54,49,3,16,286,1
0,1,55,49,2,24,286,1
0,1,56,49,4,36,286,1
0,1,57,49,4,27,286,0
0,1,58,49,3,30,286,1
0,1,59,49,1,41,286,1
0,1,63,49,4,34,286,1
0,1,64,49,5,26,286,1
0,1,68,49,1,10,286,0
0,1,69,49,4,20,286,1
0,1,70,49,2,5,286,0
0,1,72,49,0,38,286,0
0,1,74,49,5,35,286,0
0,1,76,49,0,35,286,1
0,1,77,49,2,12,286,1
0,1,83,49,2,35,286,1
0,1,84,49,5,44,286,1
0,1,87,49,1,37,286,1
0,1,92,49,1,10,286,1
0,1,95,49,2,30,286,1
0,0,0,50,2,18,116,0
0,0,5,50,1,26,116,0
0,0,6,50,5,14,116,1
0,0,12,50,2,10,116,0
0,0,14,50,0,4,116,1
0,0,15,50,0,18,116,0
0,0,16,50,2,17,116,1
0,0,20,50,5,47,116,0
0,0,21,50,1,45,116,1
0,0,23,50,3,42,116,1
0,0,25,50,3,22,116,1
0,0,26,50,4,12,116,1
0,0,29,50,0,30,116,1
0,0,36,50,5,12,116,1
0,0,39,50,0,0,116,0
0,0,45,50,0,15,116,0
0,1,53,50,3,0,116,1
0,1,54,50,3,16,116,1
0,1,57,50,4,27,116,1
0,1,58,50,3,30,116,1
0,1,61,50,5,35,116,1
0,1,62,50,1,10,116,1
0,1,63,50,4,34,116,0
0,1,71,50,1,25,116,1
0,1,72,50,0,38,116,1
0,1,73,50,2,21,116,1
0,1,76,50,0,35,116,1
0,1,79,50,2,48,116,1
0,1,81,50,5,29,116,1
0,1,84,50,5,44,116,1
0,1,85,50,1,4,116,0
0,1,86,50,1,14,116,1
0,1,87,50,1,37,116,1
0,1,88,50,2,19,116,1
0,1,93,50,3,9,116,1
0,1,94,50,2,43,116,1
0,1,97,50,1,39,116,0
0,1,99,50,4,2,116,1
0,0,0,51,2,18,297,1
0,0,1,51,0,20,297,0
0,0,6,51,5,14,297,0
0,0,7,51,4,7,297,1
0,0,8,51,1,16,297,1
0,0,10,51,1,11,297,1
0,0,11,51,0,5,297,0
0,0,13,51,2,41,297,1
0,0,14,51,0,4,297,0
0,0,17,51,2,42,297,0
0,0,19,51,5,47,297,0
0,0,21,51,1,45,297,0
0,0,24,51,5,48,297,0
0,0,25,51,3,22,297,0
0,0,28,51,3,34,297,0
0,0,32,51,1,4,297,1
0,0,33,51,0,33,297,0
0,0,35,51,3,6,297,1
0,0,37,51,4,9,297,0
0,0,41,51,1,16,297,0
0,0,45,51,0,15,297,0
0,0,46,51,2,39,297,1
0,1,52,51,2,12,297,0
0,1,62,51,1,10,297,0
0,1,63,51,4,34,297,0
0,1,68,51,1,10,297,0
0,1,70,51,2,5,297,1
0,1,71,51,1,25,297,0
0,1,73,51,2,21,297,1
0,1,77,51,2,12,297,1
0,1,83,51,2,35,297,1
0,1,86,51,1,14,297,0
0,1,87,51,1,37,297,1
0,1,88,51,2,19,297,0
0,1,92,51,1,10,297,0
0,1,93,51,3,9,297,1
0,1,94,51,2,43,297,1
0,1,98,51,0,25,297,0
0,0,0,52,2,18,285,1
0,0,2,52,4,4,285,0
0,0,5,52,1,26,285,1
0,0,6,52,5,14,285,1
0,0,8,52,1,16,285,1
0,0,9,52,1,6,285,1
0,0,10,52,1,11,285,1
0,0,11,52,0,5,285,0
0,0,16,52,2,17,285,0
0,0,17,52,2,42,285,1
0,0,20,52,5,47,285,1
0,0,25,52,3,22,285,1
0,0,28,52,3,34,285,0
0,0,31,52,0,15,285,1
0,0,33,52,0,33,285,1
0,0,35,52,3,6,285,1
0,0,36,52,5,12,285,1
0,0,37,52,4,9,285,0
0,0,42,52,3,24,285,1
0,0,49,52,2,0,285,1
0,1,50,52,5,1,285,1
0,1,51,52,4,40,285,1
0,1,52,52,2,12,285,1
0,1,54,52,3,16,285,1
0,1,59,52,1,41,285,1
0,1,67,52,5,10,285,0
0,1,70,52,2,5,285,0
0,1,71,52,1,25,285,0
0,1,72,52,0,38,285,1
0,1,73,52,2,21,285,1
0,1,75,52,4,44,285,1
0,1,77,52,2,12,285,1
0,1,84,52,5,44,285,1
0,1,90,52,3,8,285,1
0,1,92,52,1,10,285,1
0,1,94,52,2,43,285,1
0,1,98,52,0,25,285,1
0,1,99,52,4,2,285,0
0,0,0,53,2,18,273,0
0,0,3,53,3,23,273,0
0,0,4,53,4,40,273,1
0,0,5,53,1,26,273,1
0,0,6,53,5,14,273,0
0,0,8,53,1,16,273,1
0,0,9,53,1,6,273,1
0,0,15,53,0,18,273,0
0,0,28,53,3,34,273,1
0,0,34,53,4,35,273,0
0,0,37,53,4,9,273,1
0,0,39,53,0,0,273,0
0,0,41,53,1,16,273,0
0,0,43,53,1,45,273,1
0,0,44,53,2,48,273,1
0,0,45,53,0,15,273,0
0,0,46,53,2,39,273,1
0,0,49,53,2,0,273,0
0,1,50,53,5,1,273,1
0,1,51,53,4,40,273,1
0,1,54,53,3,16,273,1
0,1,59,53,1,41,273,1
0,1,61,53,5,35,273,1
0,1,63,53,4,34,273,1
0,1,65,53,2,3,273,0
0,1,66,53,5,38,273,0
0,1,70,53,2,5,273,0
0,1,72,53,0,38,273,1
0,1,77,53,2,12,273,1
0,1,82,53,3,13,273,0
0,1,84,53,5,44,273,1
0,1,85,53,1,4,273,1
0,1,87,53,1,37,273,1
0,1,88,53,2,19,273,0
0,1,90,53,3,8,273,1
0,1,94,53,2,43,273,1
0,1,97,53,1,39,273,1
0,1,99,53,4,2,273,0
0,0,1,54,0,20,146,0
0,0,2,54,4,4,146,0
0,0,5,54,1,26,146,1
0,0,6,54,5,14,146,0
0,0,8,54,1,16,146,1
0,0,9,54,1,6,146,1
0,0,10,54,1,11,146,1
0,0,11,54,0,5,146,0
0,0,13,54,2,41,146,1
0,0,15,54,0,18,146,0
0,0,19,54,5,47,146,1
0,0,24,54,5,48,146,1
0,0,25,54,3,22,146,1
0,0,29,54,0,30,146,0
0,0,31,54,0,15,146,0
0,0,40,54,2,2,146,0
0,0,42,54,3,24,146,1
0,0,43,54,1,45,146,1
0,0,44,54,2,48,146,1
0,0,49,54,2,0,146,0
0,1,52,54,2,12,146,1
0,1,53,54,3,0,146,0
0,1,57,54,4,27,146,1
0,1,58,54,3,30,146,0
0,1,63,54,4,34,146,1
0,1,66,54,5,38,146,1
0,1,68,54,1,10,146,1
0,1,70,54,2,5,146,0
0,1,73,54,2,21,146,1
0,1,74,54,5,35,146,1
0,1,79,54,2,48,146,0
0,1,81,54,5,29,146,1
0,1,82,54,3,13,146,1
0,1,83,54,2,35,146,1
0,1,88,54,2,19,146,1
0,1,93,54,3,9,146,1
0,1,97,54,1,39,146,1
0,1,99,54,4,2,146,0
0,0,1,55,0,20,109,0
0,0,3,55,3,23,109,1
0,0,6,55,5,14,109,1
0,0,7,55,4,7,109,1
0,0,8,55,1,16,109,0
0,0,10,55,1,11,109,1
0,0,12,55,2,10,109,0
0,0,13,55,2,41,109,1
0,0,14,55,0,4,109,1
0,0,15,55,0,18,109,0
0,0,16,55,2,17,109,1
0,0,18,55,1,28,109,1
0,0,20,55,5,47,109,1
0,0,22,55,1,23,109,1
0,0,23,55,3,42,109,1
0,0,24,55,5,48,109,1
0,0,27,55,2,2,109,1
0,0,29,55,0,30,109,0
0,0,32,55,1,4,109,0
0,0,37,55,4,9,109,1
0,0,40,55,2,2,109,1
0,0,41,55,1,16,109,1
0,0,47,55,2,9,109,0
0,1,50,55,5,1,109,1
0,1,59,55,1,41,109,1
0,1,61,55,5,35,109,1
0,1,68,55,1,10,109,1
0,1,69,55,4,20,109,1
0,1,71,55,1,25,109,1
0,1,75,55,4,44,109,0
0,1,76,55,0,35,109,1
0,1,83,55,2,35,109,1
0,1,84,55,5,44,109,1
0,1,87,55,1,37,109,1
0,1,89,55,0,49,109,1
0,1,91,55,2,38,109,1
0,1,93,55,3,9,109,1
0,1,97,55,1,39,109,0
0,0,0,56,2,18,212,1
0,0,1,56,0,20,212,0
0,0,2,56,4,4,212,0
0,0,4,56,4,40,212,1
0,0,6,56,5,14,212,0
0,0,9,56,1,6,212,1
0,0,13,56,2,41,212,1
0,0,14,56,0,4,212,1
0,0,20,56,5,47,212,1
0,0,21,56,1,45,212,1
0,0,24,56,5,48,212,1
0,0,25,56,3,22,212,0
0,0,31,56,0,15,212,1
0,0,32,56,1,4,212,1
0,0,34,56,4,35,212,1
0,0,37,56,4,9,212,1
0,0,40,56,2,2,212,1
0,0,41,56,1,16,212,1
0,0,42,56,3,24,212,1
0,0,43,56,1,45,212,0
0,0,44,56,2,48,212,1
0,0,47,56,2,9,212,0
0,0,49,56,2,0,212,1
0,1,52,56,2,12,212,1
0,1,57,56,4,27,212,0
0,1,60,56,3,18,212,1
0,1,61,56,5,35,212,1
0,1,69,56,4,20,212,1
0,1,79,56,2,48,212,1
0,1,80,56,2,38,212,1
0,1,85,56,1,4,212,1
0,1,91,56,2,38,212,1
0,1,92,56,1,10,212,1
0,1,93,56,3,9,212,1
0,1,94,56,2,43,212,1
0,1,95,56,2,30,212,1
0,1,97,56,1,39,212,1
0,1,99,56,4,2,212,1
0,0,3,57,3,23,101,0
0,0,4,57,4,40,101,1
0,0,7,57,4,7,101,0
0,0,8,57,1,16,101,0
0,0,10,57,1,11,101,0
0,0,12,57,2,10,101,1
0,0,13,57,2,41,101,1
0,0,15,57,0,18,101,0
0,0,17,57,2,42,101,0
0,0,18,57,1,28,101,0
0,0,22,57,1,23,101,0
0,0,25,57,3,22,101,1
0,0,27,57,2,2,101,0
0,0,29,57,0,30,101,0
0,0,30,57,5,0,101,0
0,0,32,57,1,4,101,0
0,0,36,57,5,12,101,0
0,0,37,57,4,9,101,0
0,0,39,57,0,0,101,0
0,0,42,57,3,24,101,0
0,0,46,57,2,39,101,1
0,0,48,57,5,27,101,0
0,1,52,57,2,12,101,1
0,1,55,57,2,24,101,1
0,1,56,57,4,36,101,0
0,1,57,57,4,27,101,0
0,1,60,57,3,18,101,0
0,1,61,57,5,35,101,0
0,1,62,57,1,10,101,0
0,1,67,57,5,10,101,0
0,1,69,57,4,20,101,0
0,1,73,57,2,21,101,1
0,1,79,57,2,48,101,0
0,1,82,57,3,13,101,0
0,1,83,57,2,35,101,0
0,1,84,57,5,44,101,1
0,1,87,57,1,37,101,1
0,1,89,57,0,49,101,0
0,0,1,58,0,20,160,1
0,0,3,58,3,23,160,0
0,0,5,58,1,26,160,0
0,0,7,58,4,7,160,0
0,0,8,58,1,16,160,1
0,0,14,58,0,4,160,0
0,0,15,58,0,18,160,0
0,0,19,58,5,47,160,0
0,0,21,58,1,45,160,1
0,0,23,58,3,42,160,1
0,0,24,58,5,48,160,1
0,0,25,58,3,22,160,0
0,0,26,58,4,12,160,0
0,0,27,58,2,2,160,1
0,0,28,58,3,34,160,1
0,0,30,58,5,0,160,1
0,0,35,58,3,6,160,1
0,0,37,58,4,9,160,0
0,0,41,58,1,16,160,0
0,0,43,58,1,45,160,0
0,0,46,58,2,39,160,1
0,0,47,58,2,9,160,0
0,0,48,58,5,27,160,1
0,1,51,58,4,40,160,1
0,1,58,58,3,30,160,1
0,1,60,58,3,18,160,0
0,1,67,58,5,10,160,1
0,1,68,58,1,10,160,0
0,1,71,58,1,25,160,0
0,1,76,58,0,35,160,1
0,1,80,58,2,38,160,1
0,1,81,58,5,29,160,1
0,1,83,58,2,35,160,1
0,1,85,58,1,4,160,1
0,1,94,58,2,43,160,1
0,1,96,58,5,35,160,1
0,1,97,58,1,39,160,0
0,1,99,58,4,2,160,0
0,0,3,59,3,23,218,0
0,0,5,59,1,26,218,1
0,0,7,59,4,7,218,0
0,0,11,59,0,5,218,0
0,0,12,59,2,10,218,1
0,0,14,59,0,4,218,1
0,0,15,59,0,18,218,0
0,0,17,59,2,42,218,1
0,0,25,59,3,22,218,1
0,0,27,59,2,2,218,1
0,0,31,59,0,15,218,1
0,0,35,59,3,6,218,1
0,0,36,59,5,12,218,1
0,0,37,59,4,9,218,0
0,0,40,59,2,2,218,1
0,0,44,59,2,48,218,1
0,0,45,59,0,15,218,1
0,0,48,59,5,27,218,0
0,1,50,59,5,1,218,1
0,1,51,59,4,40,218,1
0,1,57,59,4,27,218,1
0,1,62,59,1,10,218,1
0,1,63,59,4,34,218,0
0,1,66,59,5,38,218,0
0,1,69,59,4,20,218,1
0,1,70,59,2,5,218,0
0,1,72,59,0,38,218,1
0,1,74,59,5,35,218,1
0,1,75,59,4,44,218,1
0,1,76,59,0,35,218,1
0,1,79,59,2,48,218,1
0,1,85,59,1,4,218,1
0,1,86,59,1,14,218,1
0,1,91,59,2,38,218,1
0,1,92,59,1,10,218,1
0,1,93,59,3,9,218,1
0,1,94,59,2,43,218,1
0,1,96,59,5,35,218,1
0,0,3,60,3,23,288,0
0,0,5,60,1,26,288,1
0,0,6,60,5,14,288,0
0,0,11,60,0,5,288,0
0,0,12,60,2,10,288,1
0,0,13,60,2,41,288,1
0,0,14,60,0,4,288,0
0,0,15,60,0,18,288,1
0,0,20,60,5,47,288,0
0,0,25,60,3,22,288,1
0,0,27,60,2,2,288,1
0,0,28,60,3,34,288,0
0,0,30,60,5,0,288,1
0,0,31,60,0,15,288,1
0,0,33,60,0,33,288,1
0,0,42,60,3,24,288,1
0,0,43,60,1,45,288,1
0,0,46,60,2,39,288,1
0,0,48,60,5,27,288,1
0,1,52,60,2,12,288,1
0,1,53,60,3,0,288,0
0,1,62,60,1,10,288,0
0,1,64,60,5,26,288,1
0,1,68,60,1,10,288,0
0,1,69,60,4,20,288,1
0,1,70,60,2,5,288,1
0,1,72,60,0,38,288,1
0,1,75,60,4,44,288,1
0,1,76,60,0,35,288,1
0,1,77,60,2,12,288,1
0,1,80,60,2,38,288,1
0,1,81,60,5,29,288,1
0,1,82,60,3,13,288,1
0,1,84,60,5,44,288,1
0,1,85,60,1,4,288,1
0,1,88,60,2,19,288,0
0,1,92,60,1,10,288,0
0,1,94,60,2,43,288,1
0,0,1,61,0,20,115,0
0,0,4,61,4,40,115,1
0,0,5,61,1,26,115,1
0,0,7,61,4,7,115,1
0,0,11,61,0,5,115,0
0,0,12,61,2,10,115,1
0,0,17,61,2,42,115,1
0,0,18,61,1,28,115,1
0,0,27,61,2,2,115,1
0,0,30,61,5,0,115,1
0,0,31,61,0,15,115,1
0,0,32,61,1,4,115,1
0,0,33,61,0,33,115,1
0,0,34,61,4,35,115,1
0,0,38,61,4,40,115,1
0,0,39,61,0,0,115,1
0,0,40,61,2,2,115,1
0,0,45,61,0,15,115,1
0,0,49,61,2,0,115,1
0,1,51,61,4,40,115,1
0,1,52,61,2,12,115,1
0,1,53,61,3,0,115,1
0,1,55,61,2,24,115,1
0,1,58,61,3,30,115,1
0,1,59,61,1,41,115,1
0,1,60,61,3,18,115,1
0,1,61,61,5,35,115,1
0,1,65,61,2,3,115,1
0,1,66,61,5,38,115,0
0,1,70,61,2,5,115,1
0,1,71,61,1,25,115,1
0,1,73,61,2,21,115,1
0,1,80,61,2,38,115,1
0,1,82,61,3,13,115,1
0,1,83,61,2,35,115,1
0,1,88,61,2,19,115,1
0,1,90,61,3,8,115,1
0,1,93,61,3,9,115,1
0,0,2,62,4,4,133,1
0,0,3,62,3,23,133,0
0,0,5,62,1,26,133,1
0,0,6,62,5,14,133,1
0,0,7,62,4,7,133,0
0,0,8,62,1,16,133,1
0,0,10,62,1,11,133,1
0,0,16,62,2,17,133,1
0,0,18,62,1,28,133,1
0,0,24,62,5,48,133,1
0,0,25,62,3,22,133,1
0,0,29,62,0,30,133,1
0,0,31,62,0,15,133,1
0,0,33,62,0,33,133,1
0,0,36,62,5,12,133,1
0,0,38,62,4,40,133,1
0,0,43,62,1,45,133,0
0,0,44,62,2,48,133,1
0,0,45,62,0,15,133,1
0,0,49,62,2,0,133,1
0,1,53,62,3,0,133,1
0,1,54,62,3,16,133,1
0,1,59,62,1,41,133,1
0,1,62,62,1,10,133,0
0,1,65,62,2,3,133,1
0,1,67,62,5,10,133,1
0,1,68,62,1,10,133,1
0,1,70,62,2,5,133,1
0,1,71,62,1,25,133,1
0,1,73,62,2,21,133,1
0,1,76,62,0,35,133,1
0,1,77,62,2,12,133,1
0,1,80,62,2,38,133,0
0,1,83,62,2,35,133,0
0,1,86,62,1,14,133,1
0,1,91,62,2,38,133,1
0,1,97,62,1,39,133,0
0,1,99,62,4,2,133,1
0,0,0,63,2,18,256,1
0,0,1,63,0,20,256,0
0,0,4,63,4,40,256,1
0,0,5,63,1,26,256,1
0,0,6,63,5,14,256,0
0,0,7,63,4,7,256,1
0,0,10,63,1,11,256,0
0,0,13,63,2,41,256,1
0,0,14,63,0,4,256,0
0,0,15,63,0,18,256,0
0,0,16,63,2,17,256,1
0,0,23,63,3,42,256,1
0,0,26,63,4,12,256,1
0,0,27,63,2,2,256,1
0,0,30,63,5,0,256,1
0,0,31,63,0,15,256,1
0,0,33,63,0,33,256,1
0,0,34,63,4,35,256,0
0,0,36,63,5,12,256,1
0,0,37,63,4,9,256,0
0,1,51,63,4,40,256,1
0,1,52,63,2,12,256,1
0,1,54,63,3,16,256,1
0,1,62,63,1,10,256,0
0,1,68,63,1,10,256,1
0,1,70,63,2,5,256,0
0,1,71,63,1,25,256,1
0,1,73,63,2,21,256,1
0,1,77,63,2,12,256,0
0,1,79,63,2,48,256,1
0,1,80,63,2,38,256,1
0,1,84,63,5,44,256,1
0,1,89,63,0,49,256,1
0,1,91,63,2,38,256,0
0,1,93,63,3,9,256,1
0,1,94,63,2,43,256,1
0,1,97,63,1,39,256,0
0,1,99,63,4,2,256,1
0,0,2,64,4,4,287,1
0,0,6,64,5,14,287,1
0,0,7,64,4,7,287,1
0,0,8,64,1,16,287,1
0,0,10,64,1,11,287,1
0,0,13,64,2,41,287,1
0,0,14,64,0,4,287,0
0,0,21,64,1,45,287,1
0,0,23,64,3,42,287,1
0,0,25,64,3,22,287,1
0,0,30,64,5,0,287,1
0,0,35,64,3,6,287,1
0,0,38,64,4,40,287,1
0,0,40,64,2,2,287,1
0,0,42,64,3,24,287,1
0,0,43,64,1,45,287,1
0,0,48,64,5,27,287,1
0,0,49,64,2,0,287,1
0,1,50,64,5,1,287,1
0,1,51,64,4,40,287,1
0,1,53,64,3,0,287,1
0,1,55,64,2,24,287,1
0,1,58,64,3,30,287,1
0,1,59,64,1,41,287,1
0,1,60,64,3,18,287,1
0,1,61,64,5,35,287,1
0,1,63,64,4,34,287,0
0,1,68,64,1,10,287,1
0,1,69,64,4,20,287,1
0,1,76,64,0,35,287,1
0,1,79,64,2,48,287,1
0,1,81,64,5,29,287,1
0,1,85,64,1,4,287,0
0,1,87,64,1,37,287,1
0,1,91,64,2,38,287,1
0,1,92,64,1,10,287,1
0,1,95,64,2,30,287,1
0,1,99,64,4,2,287,1
0,0,2,65,4,4,226,0
0,0,3,65,3,23,226,1
0,0,4,65,4,40,226,1
0,0,5,65,1,26,226,0
0,0,10,65,1,11,226,1
0,0,11,65,0,5,226,0
0,0,12,65,2,10,226,0
0,0,16,65,2,17,226,1
0,0,19,65,5,47,226,0
0,0,20,65,5,47,226,0
0,0,21,65,1,45,226,0
0,0,22,65,1,23,226,1
0,0,24,65,5,48,226,1
0,0,27,65,2,2,226,1
0,0,28,65,3,34,226,1
0,0,29,65,0,30,226,0
0,0,30,65,5,0,226,1
0,0,32,65,1,4,226,1
0,0,33,65,0,33,226,1
0,0,41,65,1,16,226,1
0,0,42,65,3,24,226,1
0,0,43,65,1,45,226,0
0,1,55,65,2,24,226,1
0,1,62,65,1,10,226,0
0,1,63,65,4,34,226,0
0,1,67,65,5,10,226,0
0,1,77,65,2,12,226,1
0,1,81,65,5,29,226,1
0,1,82,65,3,13,226,0
0,1,83,65,2,35,226,1
0,1,86,65,1,14,226,1
0,1,88,65,2,19,226,0
0,1,89,65,0,49,226,0
0,1,90,65,3,8,226,1
0,1,91,65,2,38,226,1
0,1,93,65,3,9,226,1
0,1,94,65,2,43,226,1
0,1,98,65,0,25,226,1
0,0,2,66,4,4,289,0
0,0,7,66,4,7,289,0
0,0,11,66,0,5,289,1
0,0,12,66,2,10,289,0
0,0,13,66,2,41,289,1
0,0,16,66,2,17,289,1
0,0,21,66,1,45,289,0
0,0,23,66,3,42,289,1
0,0,29,66,0,30,289,0
0,0,30,66,5,0,289,1
0,0,31,66,0,15,289,1
0,0,32,66,1,4,289,1
0,0,33,66,0,33,289,0
0,0,35,66,3,6,289,1
0,0,38,66,4,40,289,1
0,0,41,66,1,16,289,1
0,0,42,66,3,24,289,1
0,0,45,66,0,15,289,0
0,1,50,66,5,1,289,1
0,1,53,66,3,0,289,0
0,1,54,66,3,16,289,1
0,1,58,66,3,30,289,0
0,1,59,66,1,41,289,1
0,1,62,66,1,10,289,0
0,1,65,66,2,3,289,1
0,1,67,66,5,10,289,0
0,1,68,66,1,10,289,0
0,1,70,66,2,5,289,1
0,1,72,66,0,38,289,1
0,1,73,66,2,21,289,1
0,1,74,66,5,35,289,1
0,1,75,66,4,44,289,1
0,1,78,66,0,37,289,1
0,1,82,66,3,13,289,0
0,1,83,66,2,35,289,0
0,1,90,66,3,8,289,1
0,1,91,66,2,38,289,1
0,1,94,66,2,43,289,1
0,0,4,67,4,40,303,1
0,0,5,67,1,26,303,0
0,0,6,67,5,14,303,0
0,0,9,67,1,6,303,1
0,0,10,67,1,11,303,1
0,0,11,67,0,5,303,0
0,0,12,67,2,10,303,0
0,0,16,67,2,17,303,1
0,0,17,67,2,42,303,0
0,0,18,67,1,28,303,0
0,0,22,67,1,23,303,1
0,0,23,67,3,42,303,1
0,0,33,67,0,33,303,1
0,0,38,67,4,40,303,1
0,0,46,67,2,39,303,1
0,0,49,67,2,0,303,1
0,1,53,67,3,0,303,1
0,1,54,67,3,16,303,1
0,1,55,67,2,24,303,1
0,1,56,67,4,36,303,0
0,1,57,67,4,27,303,0
0,1,58,67,3,30,303,1
0,1,59,67,1,41,303,1
0,1,60,67,3,18,303,1
0,1,65,67,2,3,303,1
0,1,68,67,1,10,303,0
0,1,70,67,2,5,303,1
0,1,74,67,5,35,303,1
0,1,75,67,4,44,303,0
0,1,77,67,2,12,303,1
0,1,78,67,0,37,303,1
0,1,80,67,2,38,303,1
0,1,82,67,3,13,303,1
0,1,85,67,1,4,303,1
0,1,88,67,2,19,303,1
0,1,91,67,2,38,303,1
0,1,97,67,1,39,303,0
0,1,98,67,0,25,303,1
0,0,0,68,2,18,20,0
0,0,2,68,4,4,20,0
0,0,5,68,1,26,20,1
0,0,6,68,5,14,20,0
0,0,10,68,1,11,20,1
0,0,11,68,0,5,20,0
0,0,14,68,0,4,20,0
0,0,18,68,1,28,20,1
0,0,21,68,1,45,20,0
0,0,22,68,1,23,20,1
0,0,23,68,3,42,20,1
0,0,25,68,3,22,20,1
0,0,27,68,2,2,20,0
0,0,32,68,1,4,20,1
0,0,33,68,0,33,20,0
0,0,37,68,4,9,20,0
0,0,38,68,4,40,20,1
0,0,39,68,0,0,20,1
0,0,48,68,5,27,20,1
0,1,51,68,4,40,20,1
0,1,53,68,3,0,20,0
0,1,54,68,3,16,20,1
0,1,55,68,2,24,20,1
0,1,57,68,4,27,20,0
0,1,63,68,4,34,20,1
0,1,65,68,2,3,20,1
0,1,66,68,5,38,20,0
0,1,67,68,5,10,20,1
0,1,68,68,1,10,20,0
0,1,70,68,2,5,20,0
0,1,75,68,4,44,20,0
0,1,76,68,0,35,20,1
0,1,78,68,0,37,20,1
0,1,79,68,2,48,20,1
0,1,83,68,2,35,20,1
0,1,94,68,2,43,20,1
0,1,96,68,5,35,20,1
0,1,99,68,4,2,20,0
0,0,6,69,5,14,198,1
0,0,9,69,1,6,198,1
0,0,13,69,2,41,198,1
0,0,14,69,0,4,198,1
0,0,16,69,2,17,198,1
0,0,18,69,1,28,198,0
0,0,21,69,1,45,198,1
0,0,24,69,5,48,198,1
0,0,25,69,3,22,198,0
0,0,27,69,2,2,198,1
0,0,29,69,0,30,198,1
0,0,30,69,5,0,198,1
0,0,31,69,0,15,198,1
0,0,39,69,0,0,198,1
0,0,40,69,2,2,198,1
0,0,41,69,1,16,198,1
0,0,44,69,2,48,198,1
0,0,46,69,2,39,198,1
0,0,47,69,2,9,198,1
0,0,49,69,2,0,198,0
0,1,50,69,5,1,198,0
0,1,53,69,3,0,198,1
0,1,55,69,2,24,198,1
0,1,57,69,4,27,198,0
0,1,59,69,1,41,198,1
0,1,61,69,5,35,198,1
0,1,67,69,5,10,198,1
0,1,71,69,1,25,198,1
0,1,72,69,0,38,198,1
0,1,75,69,4,44,198,1
0,1,77,69,2,12,198,1
0,1,83,69,2,35,198,1
0,1,85,69,1,4,198,0
0,1,89,69,0,49,198,0
0,1,91,69,2,38,198,1
0,1,94,69,2,43,198,0
0,1,97,69,1,39,198,1
0,1,99,69,4,2,198,1
0,0,2,70,4,4,279,0
0,0,3,70,3,23,279,1
0,0,4,70,4,40,279,1
0,0,5,70,1,26,279,1
0,0,7,70,4,7,279,0
0,0,9,70,1,6,279,1
0,0,13,70,2,41,279,1
0,0,15,70,0,18,279,0
0,0,16,70,2,17,279,1
0,0,20,70,5,47,279,0
0,0,21,70,1,45,279,1
0,0,22,70,1,23,279,1
0,0,26,70,4,12,279,1
0,0,28,70,3,34,279,0
0,0,32,70,1,4,279,1
0,0,33,70,0,33,279,1
0,0,40,70,2,2,279,1
0,0,41,70,1,16,279,1
0,0,45,70,0,15,279,1
0,0,47,70,2,9,279,0
0,1,50,70,5,1,279,1
0,1,53,70,3,0,279,1
0,1,55,70,2,24,279,1
0,1,57,70,4,27,279,0
0,1,59,70,1,41,279,1
0,1,62,70,1,10,279,0
0,1,70,70,2,5,279,0
0,1,72,70,0,38,279,0
0,1,73,70,2,21,279,1
0,1,75,70,4,44,279,1
0,1,77,70,2,12,279,1
0,1,81,70,5,29,279,1
0,1,83,70,2,35,279,1
0,1,85,70,1,4,279,0
0,1,88,70,2,19,279,0
0,1,90,70,3,8,279,1
0,1,93,70,3,9,279,1
0,1,99,70,4,2,279,0
0,0,0,71,2,18,227,0
0,0,1,71,0,20,227,0
0,0,3,71,3,23,227,1
0,0,4,71,4,40,227,1
0,0,6,71,5,14,227,0
0,0,11,71,0,5,227,0
0,0,12,71,2,10,227,0
0,0,13,71,2,41,227,1
0,0,16,71,2,17,227,1
0,0,17,71,2,42,227,1
0,0,18,71,1,28,227,1
0,0,21,71,1,45,227,1
0,0,22,71,1,23,227,1
0,0,28,71,3,34,227,1
0,0,30,71,5,0,227,1
0,0,32,71,1,4,227,1
0,0,33,71,0,33,227,1
0,0,35,71,3,6,227,1
0,0,38,71,4,40,227,1
0,0,43,71,1,45,227,1
0,0,45,71,0,15,227,1
0,0,47,71,2,9,227,0
0,1,53,71,3,0,227,1
0,1,55,71,2,24,227,1
0,1,59,71,1,41,227,1
0,1,61,71,5,35,227,1
0,1,65,71,2,3,227,1
0,1,71,71,1,25,227,0
0,1,72,71,0,38,227,1
0,1,74,71,5,35,227,1
0,1,78,71,0,37,227,0
0,1,80,71,2,38,227,1
0,1,81,71,5,29,227,1
0,1,86,71,1,14,227,1
0,1,88,71,2,19,227,0
0,1,89,71,0,49,227,1
0,1,96,71,5,35,227,1
0,1,99,71,4,2,227,1
0,0,2,72,4,4,287,0
0,0,5,72,1,26,287,1
0,0,8,72,1,16,287,1
0,0,9,72,1,6,287,1
0,0,10,72,1,11,287,1
0,0,11,72,0,5,287,1
0,0,14,72,0,4,287,1
0,0,16,72,2,17,287,0
0,0,17,72,2,42,287,1
0,0,23,72,3,42,287,1
0,0,24,72,5,48,287,1
0,0,25,72,3,22,287,1
0,0,26,72,4,12,287,1
0,0,31,72,0,15,287,1
0,0,33,72,0,33,287,1
0,0,34,72,4,35,287,1
0,0,36,72,5,12,287,1
0,0,39,72,0,0,287,1
0,0,41,72,1,16,287,1
0,0,42,72,3,24,287,1
0,0,43,72,1,45,287,1
0,0,46,72,2,39,287,1
0,1,53,72,3,0,287,0
0,1,54,72,3,16,287,1
0,1,57,72,4,27,287,1
0,1,59,72,1,41,287,1
0,1,62,72,1,10,287,1
0,1,66,72,5,38,287,1
0,1,68,72,1,10,287,1
0,1,73,72,2,21,287,1
0,1,77,72,2,12,287,1
0,1,78,72,0,37,287,1
0,1,80,72,2,38,287,1
0,1,81,72,5,29,287,1
0,1,86,72,1,14,287,1
0,1,91,72,2,38,287,1
0,1,92,72,1,10,287,1
0,1,95,72,2,30,287,1
0,0,0,73,2,18,146,1
0,0,2,73,4,4,146,1
0,0,4,73,4,40,146,1
0,0,5,73,1,26,146,0
0,0,6,73,5,14,146,0
0,0,9,73,1,6,146,1
0,0,10,73,1,11,146,1
0,0,13,73,2,41,146,1
0,0,17,73,2,42,146,1
0,0,18,73,1,28,146,1
0,0,20,73,5,47,146,1
0,0,25,73,3,22,146,1
0,0,26,73,4,12,146,1
0,0,28,73,3,34,146,1
0,0,29,73,0,30,146,0
0,0,30,73,5,0,146,1
0,0,33,73,0,33,146,1
0,0,35,73,3,6,146,1
0,0,44,73,2,48,146,1
0,0,46,73,2,39,146,1
0,1,51,73,4,40,146,1
0,1,58,73,3,30,146,0
0,1,59,73,1,41,146,1
0,1,62,73,1,10,146,1
0,1,63,73,4,34,146,1
0,1,64,73,5,26,146,0
0,1,68,73,1,10,146,0
0,1,75,73,4,44,146,1
0,1,77,73,2,12,146,1
0,1,78,73,0,37,146,1
0,1,79,73,2,48,146,0
0,1,81,73,5,29,146,1
0,1,82,73,3,13,146,0
0,1,84,73,5,44,146,1
0,1,89,73,0,49,146,1
0,1,90,73,3,8,146,1
0,1,94,73,2,43,146,1
0,1,97,73,1,39,146,0
0,0,0,74,2,18,226,1
0,0,4,74,4,40,226,1
0,0,7,74,4,7,226,1
0,0,10,74,1,11,226,1
0,0,12,74,2,10,226,1
0,0,13,74,2,41,226,1
0,0,14,74,0,4,226,0
0,0,15,74,0,18,226,0
0,0,16,74,2,17,226,0
0,0,23,74,3,42,226,1
0,0,24,74,5,48,226,1
0,0,25,74,3,22,226,1
0,0,26,74,4,12,226,1
0,0,27,74,2,2,226,1
0,0,33,74,0,33,226,0
0,0,36,74,5,12,226,1
0,0,37,74,4,9,226,0
0,0,41,74,1,16,226,1
0,0,45,74,0,15,226,1
0,0,48,74,5,27,226,1
0,0,49,74,2,0,226,1
0,1,52,74,2,12,226,1
0,1,56,74,4,36,226,1
0,1,59,74,1,41,226,1
0,1,60,74,3,18,226,1
0,1,64,74,5,26,226,0
0,1,70,74,2,5,226,0
0,1,72,74,0,38,226,0
0,1,73,74,2,21,226,1
0,1,74,74,5,35,226,0
0,1,78,74,0,37,226,0
0,1,79,74,2,48,226,1
0,1,80,74,2,38,226,1
0,1,84,74,5,44,226,1
0,1,85,74,1,4,226,1
0,1,86,74,1,14,226,1
0,1,88,74,2,19,226,1
0,1,90,74,3,8,226,0
0,0,7,75,4,7,268,1
0,0,8,75,1,16,268,1
0,0,10,75,1,11,268,1
0,0,12,75,2,10,268,0
0,0,14,75,0,4,268,1
0,0,15,75,0,18,268,1
0,0,16,75,2,17,268,1
0,0,20,75,5,47,268,1
0,0,25,75,3,22,268,1
0,0,27,75,2,2,268,1
0,0,28,75,3,34,268,1
0,0,31,75,0,15,268,1
0,0,34,75,4,35,268,0
0,0,37,75,4,9,268,1
0,0,39,75,0,0,268,0
0,0,40,75,2,2,268,1
0,0,48,75,5,27,268,1
0,1,51,75,4,40,268,1
0,1,52,75,2,12,268,1
0,1,57,75,4,27,268,1
0,1,62,75,1,10,268,1
0,1,64,75,5,26,268,1
0,1,65,75,2,3,268,1
0,1,66,75,5,38,268,1
0,1,67,75,5,10,268,1
0,1,68,75,1,10,268,0
0,1,70,75,2,5,268,1
0,1,72,75,0,38,268,1
0,1,78,75,0,37,268,1
0,1,86,75,1,14,268,1
0,1,87,75,1,37,268,1
0,1,89,75,0,49,268,1
0,1,90,75,3,8,268,1
0,1,91,75,2,38,268,0
0,1,92,75,1,10,268,1
0,1,94,75,2,43,268,1
0,1,97,75,1,39,268,1
0,1,98,75,0,25,268,1
0,0,3,76,3,23,185,0
0,0,4,76,4,40,185,1
0,0,13,76,2,41,185,1
0,0,15,76,0,18,185,0
0,0,16,76,2,17,185,0
0,0,23,76,3,42,185,1
0,0,25,76,3,22,185,0
0,0,26,76,4,12,185,0
0,0,27,76,2,2,185,1
0,0,28,76,3,34,185,0
0,0,31,76,0,15,185,0
0,0,35,76,3,6,185,1
0,0,38,76,4,40,185,1
0,0,39,76,0,0,185,0
0,0,40,76,2,2,185,1
0,0,42,76,3,24,185,1
0,0,46,76,2,39,185,1
0,0,48,76,5,27,185,1
0,1,50,76,5,1,185,1
0,1,54,76,3,16,185,1
0,1,55,76,2,24,185,1
0,1,56,76,4,36,185,0
0,1,61,76,5,35,185,1
0,1,62,76,1,10,185,1
0,1,63,76,4,34,185,1
0,1,64,76,5,26,185,1
0,1,65,76,2,3,185,0
0,1,68,76,1,10,185,1
0,1,69,76,4,20,185,1
0,1,71,76,1,25,185,0
0,1,74,76,5,35,185,1
0,1,80,76,2,38,185,1
0,1,81,76,5,29,185,1
0,1,82,76,3,13,185,1
0,1,91,76,2,38,185,0
0,1,93,76,3,9,185,1
0,1,98,76,0,25,185,0
0,1,99,76,4,2,185,1
0,0,2,77,4,4,27,1
0,0,3,77,3,23,27,0
0,0,6,77,5,14,27,0
0,0,7,77,4,7,27,1
0,0,13,77,2,41,27,1
0,0,14,77,0,4,27,1
0,0,16,77,2,17,27,1
0,0,17,77,2,42,27,1
0,0,20,77,5,47,27,1
0,0,21,77,1,45,27,1
0,0,22,77,1,23,27,1
0,0,25,77,3,22,27,1
0,0,30,77,5,0,27,1
0,0,31,77,0,15,27,1
0,0,34,77,4,35,27,1
0,0,35,77,3,6,27,1
0,0,42,77,3,24,27,1
0,1,50,77,5,1,27,1
0,1,51,77,4,40,27,1
0,1,52,77,2,12,27,1
0,1,53,77,3,0,27,0
0,1,54,77,3,16,27,1
0,1,58,77,3,30,27,1
0,1,63,77,4,34,27,1
0,1,64,77,5,26,27,0
0,1,65,77,2,3,27,1
0,1,66,77,5,38,27,0
0,1,68,77,1,10,27,0
0,1,70,77,2,5,27,1
0,1,74,77,5,35,27,1
0,1,85,77,1,4,27,1
0,1,86,77,1,14,27,1
0,1,90,77,3,8,27,1
0,1,91,77,2,38,27,1
0,1,92,77,1,10,27,1
0,1,95,77,2,30,27,0
0,1,96,77,5,35,27,1
0,1,97,77,1,39,27,1
0,0,0,78,2,18,227,1
0,0,1,78,0,20,227,1
0,0,3,78,3,23,227,0
0,0,6,78,5,14,227,1
0,0,7,78,4,7,227,0
0,0,8,78,1,16,227,0
0,0,15,78,0,18,227,0
0,0,17,78,2,42,227,1
0,0,20,78,5,47,227,1
0,0,21,78,1,45,227,0
0,0,22,78,1,23,227,1
0,0,26,78,4,12,227,1
0,0,27,78,2,2,227,1
0,0,28,78,3,34,227,1
0,0,31,78,0,15,227,1
0,0,35,78,3,6,227,1
0,0,36,78,5,12,227,1
0,0,41,78,1,16,227,1
0,0,43,78,1,45,227,1
0,0,45,78,0,15,227,1
0,0,46,78,2,39,227,0
0,1,52,78,2,12,227,0
0,1,53,78,3,0,227,0
0,1,55,78,2,24,227,1
0,1,57,78,4,27,227,0
0,1,63,78,4,34,227,1
0,1,66,78,5,38,227,1
0,1,67,78,5,10,227,1
0,1,71,78,1,25,227,0
0,1,73,78,2,21,227,1
0,1,74,78,5,35,227,1
0,1,76,78,0,35,227,1
0,1,77,78,2,12,227,0
0,1,78,78,0,37,227,1
0,1,80,78,2,38,227,1
0,1,89,78,0,49,227,0
0,1,93,78,3,9,227,1
0,1,97,78,1,39,227,0
0,0,0,79,2,18,238,1
0,0,1,79,0,20,238,1
0,0,3,79,3,23,238,1
0,0,4,79,4,40,238,1
0,0,5,79,1,26,238,1
0,0,8,79,1,16,238,1
0,0,12,79,2,10,238,0
0,0,17,79,2,42,238,1
0,0,20,79,5,47,238,1
0,0,24,79,5,48,238,0
0,0,26,79,4,12,238,1
0,0,30,79,5,0,238,1
0,0,31,79,0,15,238,1
0,0,34,79,4,35,238,0
0,0,36,79,5,12,238,1
0,0,38,79,4,40,238,1
0,0,40,79,2,2,238,1
0,0,43,79,1,45,238,1
0,0,45,79,0,15,238,1
0,0,46,79,2,39,238,1
0,1,51,79,4,40,238,1
0,1,59,79,1,41,238,1
0,1,65,79,2,3,238,1
0,1,70,79,2,5,238,1
0,1,71,79,1,25,238,0
0,1,73,79,2,21,238,1
0,1,76,79,0,35,238,1
0,1,77,79,2,12,238,1
0,1,79,79,2,48,238,0
0,1,82,79,3,13,238,0
0,1,86,79,1,14,238,1
0,1,87,79,1,37,238,1
0,1,88,79,2,19,238,1
0,1,91,79,2,38,238,1
0,1,92,79,1,10,238,0
0,1,93,79,3,9,238,1
0,1,94,79,2,43,238,1
0,1,98,79,0,25,238,0
